X79032
	3.23550735308	5.08328777427
			0	5.348693
			1	-6.183547
			2	2.882352
			3	-1.147757
			4	0.394197
			5	-0.114217
	2.57004474729	3.34886731194
			0	41.944348
			1	-37.619377
			2	8.967351
			3	-1.303701
			4	0.148338
			5	-0.010127
	2.02864013189	2.66960656042
			0	176.957032
			1	-127.337278
			2	23.149405
			3	-3.255390
			4	0.586940
			5	-0.118345
			6	0.019533
			7	-0.006305
X79033
	3.24612278217	5.08626238152
			0	5.355039
			1	-6.189630
			2	2.879701
			3	-1.143361
			4	0.391079
			5	-0.112620
	2.5802020524	3.35949527911
			0	41.948712
			1	-37.622317
			2	8.963889
			3	-1.301268
			4	0.145948
			5	-0.009870
	2.03829003506	2.67988179845
			0	176.950149
			1	-127.335783
			2	23.162958
			3	-3.266759
			4	0.589814
			5	-0.114146
			6	0.016180
			7	-0.003388
X79037
	3.24979150156	5.1131931134
			0	5.348873
			1	-6.183234
			2	2.881872
			3	-1.147566
			4	0.394251
			5	-0.114240
	2.57952573671	3.36410560399
			0	41.932498
			1	-37.613759
			2	8.977980
			3	-1.309584
			4	0.149173
			5	-0.009663
	2.03576850141	2.67972745931
			0	176.888149
			1	-127.311854
			2	23.220906
			3	-3.291426
			4	0.597889
			5	-0.117607
			6	0.017597
			7	-0.004823
X79038
	3.25243942935	5.10376881481
			0	5.352755
			1	-6.186920
			2	2.880482
			3	-1.145056
			4	0.392384
			5	-0.113325
	2.58400096435	3.36629006417
			0	41.946077
			1	-37.620888
			2	8.966663
			3	-1.302962
			4	0.146710
			5	-0.008269
	2.0398864156	2.68402215328
			0	176.979392
			1	-127.350776
			2	23.140950
			3	-3.246496
			4	0.580283
			5	-0.109962
			6	0.014317
			7	-0.003946
X79183
	3.24340732623	5.09405332688
			0	5.349921
			1	-6.183760
			2	2.881222
			3	-1.146549
			4	0.393465
			5	-0.113886
	2.57622354659	3.35691555074
			0	41.947811
			1	-37.619686
			2	8.964932
			3	-1.301734
			4	0.146300
			5	-0.009517
	2.03351090206	2.6760695634
			0	176.943632
			1	-127.328402
			2	23.162973
			3	-3.270010
			4	0.593071
			5	-0.118281
			6	0.024384
			7	-0.006866
X79186
	3.23561660321	5.07256585623
			0	5.350501
			1	-6.184487
			2	2.881173
			3	-1.146239
			4	0.393348
			5	-0.113789
	2.57235134497	3.34837001447
			0	41.958813
			1	-37.624838
			2	8.953771
			3	-1.296682
			4	0.146659
			5	-0.009409
	2.03172653818	2.67167089533
			0	176.956606
			1	-127.310063
			2	23.133636
			3	-3.272233
			4	0.604593
			5	-0.121549
			6	0.019357
			7	-0.004672
X79188
	3.24695370345	5.10499908812
			0	5.344693
			1	-6.178792
			2	2.883837
			3	-1.150900
			4	0.396463
			5	-0.115305
	2.58010337178	3.36057357564
			0	41.944435
			1	-37.620028
			2	8.968972
			3	-1.302260
			4	0.146860
			5	-0.008861
	2.03679827872	2.67989373625
			0	177.015287
			1	-127.371820
			2	23.115422
			3	-3.237869
			4	0.580144
			5	-0.111284
			6	0.016364
			7	-0.002798
X79196
	3.22994207072	5.05353484786
			0	5.353309
			1	-6.187852
			2	2.881086
			3	-1.144737
			4	0.391882
			5	-0.112902
	2.56975513023	3.34215376372
			0	41.967925
			1	-37.631615
			2	8.946588
			3	-1.290220
			4	0.142784
			5	-0.008374
	2.03060116075	2.66875073356
			0	177.032385
			1	-127.380236
			2	23.097600
			3	-3.231486
			4	0.578585
			5	-0.105696
			6	0.014299
			7	-0.002645
X79368
	3.23037851577	5.07738796879
			0	5.349516
			1	-6.192721
			2	2.893280
			3	-1.154918
			4	0.397860
			5	-0.115488
	2.56810527125	3.34325525463
			0	41.977448
			1	-37.617668
			2	8.953304
			3	-1.298626
			4	0.146450
			5	-0.009086
	2.02948081862	2.66731088086
			0	176.517730
			1	-126.691412
			2	22.908102
			3	-3.187134
			4	0.564724
			5	-0.106993
			6	0.016078
			7	-0.006798
X79369
	3.24914077415	5.1204054232
			0	5.344711
			1	-6.188167
			2	2.895188
			3	-1.158695
			4	0.400729
			5	-0.116905
	2.58164963222	3.36312247877
			0	41.966141
			1	-37.613416
			2	8.964620
			3	-1.302123
			4	0.146837
			5	-0.009506
	2.0391545346	2.68157017149
			0	176.532687
			1	-126.705772
			2	22.900639
			3	-3.181074
			4	0.566008
			5	-0.107293
			6	0.013735
			7	-0.004049
X79370
	3.23991695469	5.08861571335
			0	5.350873
			1	-6.193770
			2	2.892496
			3	-1.154305
			4	0.397581
			5	-0.115421
	2.57675376569	3.35293883272
			0	41.979880
			1	-37.619345
			2	8.952542
			3	-1.297486
			4	0.146773
			5	-0.010054
	2.03699737308	2.67612474173
			0	176.547916
			1	-126.715443
			2	22.890636
			3	-3.178594
			4	0.560881
			5	-0.105562
			6	0.013449
			7	-0.002819
X79372
	3.25370982934	5.12498505126
			0	5.348894
			1	-6.191715
			2	2.893256
			3	-1.155762
			4	0.398599
			5	-0.115883
	2.58431743212	3.36801394861
			0	41.963671
			1	-37.613177
			2	8.966098
			3	-1.302472
			4	0.146531
			5	-0.009858
	2.04103182172	2.68454190749
			0	176.469336
			1	-126.673123
			2	22.945939
			3	-3.206210
			4	0.572437
			5	-0.109300
			6	0.016612
			7	-0.004523
