5	0.009196518	0.004120362	0.0006339	0.00041952	1.99934E-05
10	0.007376165	0.004141672	0.00181538	0.000447789	2.94333E-05
15	0.006330193	0.003908307	0.002878416	0.000514912	4.20536E-05
20	0.00563112	0.00366739	0.003681572	0.000642677	5.37708E-05
25	0.005121849	0.003454358	0.004258933	0.00082453	6.40576E-05
30	0.004729633	0.003270897	0.004666935	0.001045614	7.30918E-05
35	0.004415576	0.003112853	0.004952581	0.001291991	8.1178E-05
40	0.004156761	0.002975705	0.005150329	0.001552823	8.8622E-05
45	0.003938689	0.002855622	0.005284606	0.001820225	9.57219E-05
50	0.003751684	0.002749547	0.005372651	0.002088604	0.000102777
55	0.003589028	0.002655073	0.005426712	0.002354044	0.00011009
60	0.003445827	0.002570301	0.005455584	0.002613826	0.000117958
65	0.003318502	0.002493723	0.005465654	0.002866094	0.000126664
70	0.003204322	0.002424129	0.005461618	0.003109615	0.000136466
75	0.003101169	0.002360536	0.005446965	0.003343609	0.000147587
80	0.003007376	0.002302143	0.005424314	0.003567631	0.000160211
85	0.002921609	0.002248287	0.005395647	0.00378148	0.000174485
90	0.002842784	0.002198415	0.005362481	0.003985137	0.000190516
95	0.002770013	0.002152063	0.00532598	0.004178716	0.000208376
100	0.002702558	0.002108839	0.005287044	0.004362427	0.000228105
105	0.002639803	0.002068407	0.005246376	0.004536546	0.000249717
110	0.002581225	0.002030481	0.005204522	0.004701398	0.0002732
115	0.002526381	0.001994812	0.005161911	0.004857337	0.000298525
120	0.002474891	0.001961186	0.005118879	0.005004735	0.000325647
125	0.002426426	0.001929414	0.00507569	0.005143974	0.000354508
130	0.002380701	0.001899332	0.005032551	0.005275435	0.000385044
135	0.002337467	0.001870794	0.004989626	0.005399497	0.00041718
140	0.002296505	0.001843674	0.004947041	0.005516533	0.00045084
145	0.002257624	0.001817857	0.004904894	0.005626901	0.000485942
150	0.002220654	0.001793241	0.004863261	0.005730952	0.000522405
155	0.002185442	0.001769736	0.0048222	0.005829019	0.000560147
160	0.002151854	0.00174726	0.004781754	0.005921424	0.000599086
165	0.002119768	0.00172574	0.004741953	0.006008472	0.000639143
170	0.002089076	0.00170511	0.00470282	0.006090454	0.000680239
175	0.00205968	0.001685309	0.004664369	0.006167647	0.000722298
180	0.00203149	0.001666284	0.004626607	0.006240312	0.000765248
185	0.002004428	0.001647985	0.004589538	0.006308697	0.000809017
190	0.001978418	0.001630367	0.004553161	0.006373037	0.000853539
195	0.001953396	0.001613387	0.00451747	0.006433553	0.000898749
200	0.0019293	0.00159701	0.004482461	0.006490454	0.000944587
205	0.001906074	0.001581198	0.004448124	0.006543937	0.000990994
210	0.001883667	0.001565922	0.004414449	0.006594189	0.001037915
215	0.001862032	0.00155115	0.004381424	0.006641383	0.001085298
220	0.001841126	0.001536856	0.004349038	0.006685686	0.001133093
225	0.001820909	0.001523015	0.004317278	0.006727253	0.001181256
230	0.001801343	0.001509602	0.00428613	0.006766232	0.001229741
235	0.001782395	0.001496597	0.004255581	0.006802759	0.001278508
240	0.001764032	0.001483979	0.004225616	0.006836966	0.001327517
245	0.001746225	0.001471729	0.004196223	0.006868975	0.001376734
250	0.001728947	0.00145983	0.004167386	0.006898902	0.001426123
255	0.001712172	0.001448265	0.004139093	0.006926856	0.001475653
260	0.001695876	0.001437019	0.00411133	0.006952941	0.001525293
265	0.001680037	0.001426078	0.004084083	0.006977252	0.001575016
270	0.001664633	0.001415427	0.004057339	0.006999883	0.001624796
275	0.001649645	0.001405055	0.004031085	0.00702092	0.001674607
280	0.001635055	0.001394949	0.004005309	0.007040443	0.001724428
285	0.001620846	0.001385099	0.003979997	0.007058531	0.001774236
290	0.001607	0.001375493	0.003955139	0.007075256	0.001824011
295	0.001593504	0.001366122	0.003930722	0.007090687	0.001873735
300	0.001580341	0.001356977	0.003906735	0.007104888	0.001923391
305	0.0015675	0.001348048	0.003883167	0.007117923	0.001972962
310	0.001554967	0.001339327	0.003860006	0.007129848	0.002022433
315	0.001542729	0.001330806	0.003837242	0.007140718	0.002071791
320	0.001530776	0.001322478	0.003814866	0.007150587	0.002121021
325	0.001519097	0.001314336	0.003792866	0.007159503	0.002170112
330	0.001507681	0.001306372	0.003771234	0.007167513	0.002219052
335	0.001496519	0.001298581	0.00374996	0.007174661	0.002267832
340	0.0014856	0.001290956	0.003729035	0.007180989	0.002316441
345	0.001474918	0.001283491	0.00370845	0.007186538	0.00236487
350	0.001464462	0.001276182	0.003688197	0.007191344	0.002413112
355	0.001454226	0.001269022	0.003668267	0.007195443	0.002461157
360	0.001444202	0.001262006	0.003648652	0.00719887	0.002509
365	0.001434382	0.001255131	0.003629346	0.007201657	0.002556634
370	0.001424759	0.00124839	0.003610339	0.007203834	0.002604052
375	0.001415328	0.001241781	0.003591625	0.007205431	0.00265125
380	0.001406081	0.001235298	0.003573197	0.007206475	0.002698221
385	0.001397014	0.001228938	0.003555048	0.007206992	0.002744962
390	0.001388119	0.001222697	0.003537171	0.007207007	0.002791468
395	0.001379393	0.001216571	0.00351956	0.007206545	0.002837735
400	0.001370829	0.001210557	0.003502208	0.007205627	0.002883759
405	0.001362422	0.001204652	0.00348511	0.007204275	0.002929538
410	0.001354168	0.001198851	0.00346826	0.00720251	0.002975069
415	0.001346063	0.001193153	0.003451652	0.007200352	0.003020348
420	0.001338101	0.001187554	0.00343528	0.007197818	0.003065374
425	0.001330279	0.001182051	0.003419139	0.007194926	0.003110145
430	0.001322593	0.001176642	0.003403224	0.007191694	0.003154658
435	0.001315038	0.001171324	0.00338753	0.007188137	0.003198912
440	0.001307611	0.001166094	0.003372052	0.00718427	0.003242906
445	0.001300309	0.00116095	0.003356785	0.007180109	0.003286638
450	0.001293127	0.00115589	0.003341724	0.007175667	0.003330107
455	0.001286064	0.001150911	0.003326866	0.007170958	0.003373313
460	0.001279115	0.001146012	0.003312205	0.007165993	0.003416255
465	0.001272277	0.001141189	0.003297738	0.007160786	0.003458931
470	0.001265548	0.001136442	0.00328346	0.007155348	0.003501343
475	0.001258924	0.001131768	0.003269368	0.007149689	0.003543489
480	0.001252403	0.001127166	0.003255457	0.007143821	0.003585369
485	0.001245983	0.001122633	0.003241724	0.007137753	0.003626983
490	0.001239661	0.001118168	0.003228164	0.007131495	0.003668332
495	0.001233433	0.001113769	0.003214776	0.007125056	0.003709415
500	0.001227299	0.001109434	0.003201554	0.007118446	0.003750232
505	0.001221255	0.001105163	0.003188497	0.007111672	0.003790785
510	0.0012153	0.001100953	0.003175599	0.007104742	0.003831073
515	0.001209431	0.001096802	0.003162859	0.007097664	0.003871097
520	0.001203646	0.001092711	0.003150273	0.007090446	0.003910857
525	0.001197943	0.001088676	0.003137838	0.007083095	0.003950354
530	0.001192321	0.001084697	0.003125551	0.007075617	0.003989589
535	0.001186777	0.001080773	0.003113409	0.007068018	0.004028563
540	0.00118131	0.001076902	0.00310141	0.007060305	0.004067276
545	0.001175917	0.001073083	0.003089551	0.007052485	0.004105729
550	0.001170598	0.001069316	0.003077829	0.007044561	0.004143923
555	0.00116535	0.001065597	0.003066241	0.00703654	0.004181858
560	0.001160173	0.001061928	0.003054785	0.007028428	0.004219537
565	0.001155063	0.001058306	0.003043459	0.007020228	0.00425696
570	0.001150021	0.001054731	0.00303226	0.007011946	0.004294128
575	0.001145044	0.001051201	0.003021186	0.007003587	0.004331042
580	0.001140131	0.001047716	0.003010235	0.006995154	0.004367703
585	0.001135281	0.001044275	0.002999403	0.006986652	0.004404112
590	0.001130492	0.001040876	0.002988691	0.006978085	0.004440271
595	0.001125763	0.001037519	0.002978094	0.006969456	0.004476181
600	0.001121094	0.001034203	0.002967611	0.00696077	0.004511842
605	0.001116481	0.001030927	0.00295724	0.00695203	0.004547256
610	0.001111926	0.001027691	0.00294698	0.00694324	0.004582425
615	0.001107425	0.001024493	0.002936827	0.006934401	0.00461735
620	0.001102979	0.001021333	0.002926781	0.006925519	0.004652031
625	0.001098586	0.00101821	0.002916839	0.006916595	0.00468647
630	0.001094245	0.001015123	0.002907	0.006907633	0.004720669
635	0.001089955	0.001012071	0.002897262	0.006898635	0.004754629
640	0.001085715	0.001009055	0.002887624	0.006889604	0.00478835
645	0.001081525	0.001006073	0.002878083	0.006880543	0.004821836
650	0.001077382	0.001003124	0.002868638	0.006871453	0.004855085
655	0.001073287	0.001000208	0.002859287	0.006862338	0.004888101
660	0.001069238	0.000997324	0.002850029	0.006853199	0.004920885
665	0.001065234	0.000994473	0.002840863	0.006844039	0.004953437
670	0.001061275	0.000991652	0.002831786	0.006834859	0.004985759
675	0.00105736	0.000988861	0.002822798	0.006825662	0.005017853
680	0.001053488	0.000986101	0.002813897	0.00681645	0.00504972
685	0.001049659	0.00098337	0.002805081	0.006807224	0.005081361
690	0.00104587	0.000980668	0.00279635	0.006797986	0.005112778
695	0.001042123	0.000977994	0.002787701	0.006788737	0.005143972
700	0.001038416	0.000975348	0.002779135	0.006779481	0.005174944
705	0.001034748	0.00097273	0.002770648	0.006770217	0.005205696
710	0.001031118	0.000970138	0.002762241	0.006760947	0.005236229
715	0.001027527	0.000967573	0.002753912	0.006751673	0.005266544
720	0.001023972	0.000965033	0.00274566	0.006742397	0.005296643
725	0.001020455	0.000962519	0.002737483	0.006733118	0.005326528
730	0.001016973	0.00096003	0.00272938	0.00672384	0.005356199
735	0.001013527	0.000957566	0.002721351	0.006714562	0.005385658
740	0.001010115	0.000955126	0.002713394	0.006705287	0.005414907
745	0.001006738	0.00095271	0.002705508	0.006696015	0.005443946
750	0.001003394	0.000950317	0.002697693	0.006686747	0.005472777
755	0.001000084	0.000947947	0.002689946	0.006677484	0.005501402
760	0.000996806	0.0009456	0.002682268	0.006668227	0.005529821
765	0.00099356	0.000943275	0.002674656	0.006658978	0.005558037
770	0.000990346	0.000940972	0.002667111	0.006649736	0.00558605
775	0.000987162	0.00093869	0.002659631	0.006640504	0.005613861
780	0.000984009	0.00093643	0.002652215	0.006631281	0.005641473
785	0.000980887	0.000934191	0.002644862	0.006622068	0.005668886
790	0.000977793	0.000931972	0.002637572	0.006612867	0.005696102
795	0.000974729	0.000929773	0.002630344	0.006603678	0.005723122
800	0.000971694	0.000927594	0.002623176	0.006594501	0.005749948
805	0.000968686	0.000925435	0.002616068	0.006585338	0.00577658
810	0.000965707	0.000923294	0.002609019	0.006576189	0.00580302
815	0.000962755	0.000921173	0.002602029	0.006567054	0.005829269
820	0.000959829	0.000919071	0.002595095	0.006557935	0.005855329
825	0.00095693	0.000916987	0.002588219	0.006548831	0.005881201
830	0.000954058	0.000914921	0.002581398	0.006539743	0.005906886
835	0.000951211	0.000912873	0.002574633	0.006530672	0.005932385
840	0.000948389	0.000910842	0.002567921	0.006521619	0.0059577
845	0.000945593	0.000908829	0.002561264	0.006512582	0.005982832
850	0.000942821	0.000906833	0.002554659	0.006503564	0.006007782
855	0.000940073	0.000904854	0.002548107	0.006494565	0.006032551
860	0.000937349	0.000902891	0.002541606	0.006485585	0.006057141
865	0.000934649	0.000900944	0.002535157	0.006476623	0.006081553
870	0.000931972	0.000899014	0.002528757	0.006467682	0.006105788
875	0.000929318	0.000897099	0.002522407	0.00645876	0.006129848
880	0.000926686	0.0008952	0.002516106	0.006449859	0.006153733
885	0.000924077	0.000893317	0.002509854	0.006440979	0.006177444
890	0.000921489	0.000891449	0.002503649	0.006432119	0.006200984
895	0.000918923	0.000889595	0.002497491	0.006423281	0.006224353
900	0.000916379	0.000887757	0.00249138	0.006414464	0.006247552
905	0.000913855	0.000885932	0.002485315	0.006405669	0.006270582
910	0.000911353	0.000884123	0.002479295	0.006396896	0.006293445
915	0.00090887	0.000882327	0.00247332	0.006388145	0.006316142
920	0.000906408	0.000880545	0.002467389	0.006379417	0.006338675
925	0.000903966	0.000878777	0.002461502	0.006370711	0.006361043
930	0.000901544	0.000877023	0.002455658	0.006362029	0.006383248
935	0.000899141	0.000875282	0.002449857	0.006353369	0.006405292
940	0.000896757	0.000873555	0.002444098	0.006344732	0.006427175
945	0.000894392	0.00087184	0.00243838	0.006336119	0.0064489
950	0.000892045	0.000870138	0.002432704	0.00632753	0.006470465
955	0.000889717	0.000868449	0.002427068	0.006318964	0.006491874
960	0.000887407	0.000866772	0.002421473	0.006310422	0.006513127
965	0.000885115	0.000865108	0.002415917	0.006301903	0.006534225
970	0.000882841	0.000863456	0.0024104	0.006293409	0.006555169
975	0.000880584	0.000861816	0.002404922	0.006284939	0.00657596
980	0.000878345	0.000860188	0.002399483	0.006276493	0.0065966
985	0.000876122	0.000858572	0.002394081	0.006268072	0.006617089
990	0.000873916	0.000856967	0.002388717	0.006259675	0.006637428
995	0.000871727	0.000855374	0.00238339	0.006251302	0.006657619
1000	0.000869554	0.000853792	0.002378099	0.006242954	0.006677663
1005	0.000867398	0.000852221	0.002372844	0.006234631	0.00669756
1010	0.000865257	0.000850661	0.002367625	0.006226332	0.006717312
1015	0.000863132	0.000849112	0.002362442	0.006218058	0.006736919
1020	0.000861023	0.000847574	0.002357293	0.006209809	0.006756383
1025	0.000858929	0.000846046	0.002352179	0.006201585	0.006775705
1030	0.00085685	0.000844529	0.002347099	0.006193386	0.006794886
1035	0.000854787	0.000843022	0.002342053	0.006185211	0.006813926
1040	0.000852738	0.000841526	0.002337041	0.006177061	0.006832827
1045	0.000850704	0.000840039	0.002332061	0.006168937	0.006851589
1050	0.000848684	0.000838563	0.002327114	0.006160837	0.006870215
1055	0.000846679	0.000837096	0.002322199	0.006152762	0.006888703
1060	0.000844688	0.000835639	0.002317317	0.006144712	0.006907057
1065	0.000842711	0.000834192	0.002312465	0.006136688	0.006925276
1070	0.000840748	0.000832754	0.002307646	0.006128688	0.006943361
1075	0.000838798	0.000831326	0.002302857	0.006120713	0.006961314
1080	0.000836862	0.000829907	0.002298099	0.006112763	0.006979135
1085	0.00083494	0.000828497	0.002293371	0.006104838	0.006996826
1090	0.00083303	0.000827096	0.002288673	0.006096938	0.007014387
1095	0.000831134	0.000825704	0.002284004	0.006089063	0.007031819
1100	0.00082925	0.000824322	0.002279365	0.006081212	0.007049123
1105	0.000827379	0.000822947	0.002274755	0.006073387	0.0070663
1110	0.000825521	0.000821582	0.002270174	0.006065586	0.007083351
1115	0.000823676	0.000820225	0.002265621	0.006057811	0.007100276
1120	0.000821842	0.000818877	0.002261097	0.00605006	0.007117078
1125	0.000820021	0.000817537	0.0022566	0.006042333	0.007133756
1130	0.000818212	0.000816205	0.00225213	0.006034632	0.007150311
1135	0.000816415	0.000814881	0.002247689	0.006026955	0.007166745
1140	0.00081463	0.000813566	0.002243274	0.006019302	0.007183057
1145	0.000812856	0.000812258	0.002238885	0.006011674	0.00719925
1150	0.000811094	0.000810959	0.002234523	0.006004071	0.007215324
1155	0.000809344	0.000809667	0.002230188	0.005996492	0.007231279
1160	0.000807604	0.000808383	0.002225878	0.005988938	0.007247117
1165	0.000805876	0.000807107	0.002221594	0.005981407	0.007262838
1170	0.00080416	0.000805838	0.002217335	0.005973902	0.007278443
1175	0.000802454	0.000804577	0.002213102	0.00596642	0.007293934
1180	0.000800759	0.000803324	0.002208894	0.005958962	0.00730931
1185	0.000799074	0.000802077	0.00220471	0.005951529	0.007324573
1190	0.0007974	0.000800838	0.00220055	0.00594412	0.007339724
1195	0.000795737	0.000799606	0.002196415	0.005936735	0.007354762
1200	0.000794084	0.000798381	0.002192304	0.005929373	0.00736969
1205	0.000792441	0.000797164	0.002188216	0.005922036	0.007384507
1210	0.000790808	0.000795953	0.002184152	0.005914722	0.007399215
1215	0.000789186	0.000794749	0.002180111	0.005907432	0.007413815
1220	0.000787573	0.000793552	0.002176094	0.005900165	0.007428307
1225	0.00078597	0.000792362	0.002172099	0.005892923	0.007442691
1230	0.000784377	0.000791178	0.002168126	0.005885703	0.007456969
1235	0.000782794	0.000790001	0.002164176	0.005878507	0.007471142
1240	0.00078122	0.000788831	0.002160249	0.005871335	0.00748521
1245	0.000779656	0.000787667	0.002156343	0.005864186	0.007499173
1250	0.000778101	0.000786509	0.002152459	0.00585706	0.007513034
1255	0.000776555	0.000785358	0.002148596	0.005849957	0.007526792
1260	0.000775019	0.000784214	0.002144755	0.005842877	0.007540447
1265	0.000773491	0.000783075	0.002140936	0.00583582	0.007554002
1270	0.000771973	0.000781942	0.002137137	0.005828786	0.007567456
1275	0.000770464	0.000780816	0.002133359	0.005821775	0.007580811
1280	0.000768963	0.000779696	0.002129601	0.005814786	0.007594066
1285	0.000767471	0.000778582	0.002125864	0.00580782	0.007607223
1290	0.000765988	0.000777473	0.002122147	0.005800877	0.007620283
1295	0.000764514	0.000776371	0.00211845	0.005793957	0.007633245
1300	0.000763048	0.000775274	0.002114773	0.005787058	0.007646111
1305	0.00076159	0.000774183	0.002111116	0.005780182	0.007658882
1310	0.000760141	0.000773098	0.002107478	0.005773329	0.007671557
1315	0.000758699	0.000772019	0.00210386	0.005766497	0.007684139
1320	0.000757267	0.000770945	0.00210026	0.005759688	0.007696626
1325	0.000755842	0.000769876	0.00209668	0.0057529	0.007709021
1330	0.000754425	0.000768813	0.002093118	0.005746134	0.007721324
1335	0.000753016	0.000767756	0.002089575	0.005739391	0.007733535
1340	0.000751615	0.000766704	0.002086051	0.005732669	0.007745655
1345	0.000750222	0.000765657	0.002082545	0.005725968	0.007757684
1350	0.000748837	0.000764616	0.002079057	0.00571929	0.007769624
1355	0.000747459	0.00076358	0.002075587	0.005712632	0.007781475
1360	0.000746089	0.000762549	0.002072135	0.005705997	0.007793237
1365	0.000744726	0.000761523	0.002068701	0.005699382	0.007804912
1370	0.000743371	0.000760502	0.002065284	0.005692789	0.007816499
1375	0.000742023	0.000759486	0.002061885	0.005686217	0.007827999
1380	0.000740683	0.000758476	0.002058503	0.005679665	0.007839414
1385	0.00073935	0.00075747	0.002055138	0.005673135	0.007850743
1390	0.000738024	0.000756469	0.00205179	0.005666626	0.007861988
1395	0.000736705	0.000755473	0.002048458	0.005660138	0.007873148
1400	0.000735393	0.000754482	0.002045144	0.00565367	0.007884225
1405	0.000734088	0.000753496	0.002041846	0.005647223	0.007895218
1410	0.00073279	0.000752514	0.002038564	0.005640796	0.007906129
1415	0.000731499	0.000751538	0.002035299	0.00563439	0.007916958
1420	0.000730215	0.000750565	0.002032049	0.005628005	0.007927706
1425	0.000728938	0.000749598	0.002028816	0.005621639	0.007938374
1430	0.000727667	0.000748635	0.002025599	0.005615294	0.007948961
1435	0.000726403	0.000747676	0.002022397	0.005608969	0.007959468
1440	0.000725145	0.000746723	0.002019211	0.005602664	0.007969896
1445	0.000723894	0.000745773	0.00201604	0.005596379	0.007980246
1450	0.00072265	0.000744828	0.002012885	0.005590114	0.007990518
1455	0.000721412	0.000743887	0.002009745	0.005583869	0.008000712
1460	0.00072018	0.000742951	0.00200662	0.005577643	0.00801083
1465	0.000718954	0.000742019	0.00200351	0.005571437	0.008020871
1470	0.000717735	0.000741091	0.002000415	0.00556525	0.008030837
1475	0.000716522	0.000740168	0.001997335	0.005559083	0.008040727
1480	0.000715315	0.000739249	0.001994269	0.005552935	0.008050542
1485	0.000714114	0.000738334	0.001991218	0.005546807	0.008060283
1490	0.00071292	0.000737423	0.001988181	0.005540698	0.00806995
1495	0.000711731	0.000736516	0.001985158	0.005534607	0.008079545
1500	0.000710548	0.000735613	0.00198215	0.005528536	0.008089066
