5	0.010195409	0.004660792	0.00040707	0.000312505	0.000232132
10	0.008349906	0.005157804	0.001206663	0.000291205	0.000212222
15	0.007247293	0.005063052	0.00185332	0.000347767	0.000197043
20	0.006495853	0.004849217	0.00230514	0.000487955	0.000185169
25	0.00594248	0.004622547	0.002608916	0.000694445	0.000176334
30	0.00551368	0.004410171	0.00281002	0.000946352	0.000170163
35	0.005169275	0.004218106	0.002941032	0.001226584	0.000166255
40	0.004885133	0.004046153	0.003023945	0.001522648	0.0001643
45	0.004645853	0.003892346	0.003073488	0.001825748	0.000164128
50	0.00444094	0.00375439	0.003099611	0.002129755	0.00016571
55	0.004263048	0.003630132	0.003109136	0.002430405	0.00016913
60	0.004106837	0.003517685	0.00310681	0.002724741	0.00017455
65	0.003968332	0.003415446	0.003095983	0.00301073	0.000182166
70	0.003844481	0.003322061	0.003079055	0.003287011	0.000192179
75	0.003732931	0.003236396	0.003057764	0.003552709	0.000204773
80	0.003631807	0.003157494	0.003033381	0.003807313	0.0002201
85	0.003539624	0.003084549	0.003006847	0.004050581	0.000238274
90	0.003455151	0.003016876	0.00297886	0.00428247	0.000259366
95	0.003377407	0.002953891	0.002949942	0.004503088	0.00028341
100	0.003305552	0.002895094	0.002920486	0.004712648	0.000310403
105	0.003238894	0.002840056	0.002890789	0.004911444	0.000340312
110	0.003176852	0.002788402	0.002861072	0.005099824	0.000373075
115	0.003118923	0.00273981	0.002831504	0.005278173	0.000408611
120	0.003064682	0.002693995	0.002802209	0.005446897	0.000446823
125	0.003013762	0.002650711	0.002773281	0.005606414	0.000487598
130	0.002965843	0.002609736	0.002744788	0.005757147	0.000530818
135	0.002920648	0.002570878	0.002716779	0.005899516	0.000576355
140	0.002877932	0.002533965	0.00268929	0.006033932	0.000624082
145	0.002837483	0.002498843	0.002662341	0.006160797	0.000673866
150	0.002799109	0.002465375	0.002635949	0.006280502	0.000725578
155	0.00276264	0.002433438	0.002610119	0.00639342	0.000779089
160	0.002727931	0.00240292	0.002584853	0.00649991	0.000834274
165	0.002694844	0.002373723	0.002560149	0.006600317	0.00089101
170	0.002663263	0.002345755	0.002536001	0.006694967	0.000949179
175	0.002633073	0.002318934	0.002512402	0.006784171	0.001008668
180	0.002604184	0.002293186	0.002489341	0.006868224	0.001069369
185	0.002576504	0.002268442	0.002466808	0.006947406	0.001131177
190	0.002549952	0.00224464	0.00244479	0.007021982	0.001193995
195	0.002524455	0.002221724	0.002423276	0.007092201	0.001257728
200	0.002499947	0.002199639	0.002402251	0.0071583	0.001322289
205	0.002476366	0.002178339	0.002381702	0.007220503	0.001387594
210	0.002453657	0.002157779	0.002361617	0.007279018	0.001453565
215	0.002431768	0.002137917	0.002341981	0.007334046	0.001520127
220	0.00241065	0.002118717	0.002322783	0.007385773	0.001587211
225	0.002390262	0.002100143	0.002304007	0.007434376	0.001654752
230	0.002370565	0.002082161	0.002285643	0.007480021	0.001722687
235	0.00235152	0.002064743	0.002267678	0.007522866	0.001790961
240	0.002333094	0.002047859	0.002250098	0.007563057	0.001859518
245	0.002315253	0.002031484	0.002232893	0.007600736	0.001928309
250	0.002297967	0.002015593	0.002216051	0.007636032	0.001997286
255	0.00228121	0.002000163	0.002199561	0.007669071	0.002066406
260	0.002264955	0.001985173	0.002183412	0.00769997	0.002135628
265	0.002249179	0.001970603	0.002167593	0.007728839	0.002204913
270	0.002233858	0.001956433	0.002152095	0.007755782	0.002274226
275	0.002218972	0.001942646	0.002136908	0.007780897	0.002343533
280	0.002204502	0.001929226	0.002122022	0.007804279	0.002412804
285	0.002190427	0.001916156	0.002107428	0.007826013	0.00248201
290	0.002176732	0.001903423	0.002093118	0.007846185	0.002551124
295	0.002163399	0.001891012	0.002079084	0.007864871	0.002620121
300	0.002150413	0.00187891	0.002065316	0.007882146	0.002688978
305	0.002137761	0.001867105	0.002051807	0.00789808	0.002757673
310	0.002125427	0.001855585	0.00203855	0.00791274	0.002826188
315	0.002113399	0.001844339	0.002025538	0.007926188	0.002894502
320	0.002101665	0.001833356	0.002012762	0.007938484	0.0029626
325	0.002090215	0.001822628	0.002000218	0.007949684	0.003030465
330	0.002079034	0.001812143	0.001987897	0.007959841	0.003098083
335	0.002068115	0.001801893	0.001975794	0.007969006	0.00316544
340	0.002057449	0.00179187	0.001963903	0.007977227	0.003232524
345	0.002047023	0.001782066	0.001952218	0.007984549	0.003299324
350	0.002036831	0.001772473	0.001940733	0.007991015	0.003365828
355	0.002026863	0.001763083	0.001929443	0.007996666	0.003432027
360	0.002017112	0.00175389	0.001918343	0.008001542	0.003497912
365	0.002007569	0.001744887	0.001907427	0.008005678	0.003563475
370	0.001998229	0.001736067	0.001896691	0.00800911	0.003628709
375	0.001989083	0.001727426	0.001886129	0.00801187	0.003693606
380	0.001980126	0.001718955	0.001875739	0.008013992	0.003758161
385	0.001971361	0.001710651	0.001865514	0.008015504	0.003822368
390	0.001962762	0.001702509	0.001855451	0.008016435	0.003886221
395	0.001954336	0.001694521	0.001845545	0.008016813	0.003949716
400	0.001946072	0.001686685	0.001835794	0.008016663	0.004012849
405	0.001937968	0.001678996	0.001826192	0.008016009	0.004075617
410	0.001930019	0.001671448	0.001816736	0.008014876	0.004138015
415	0.001922219	0.001664038	0.001807423	0.008013286	0.004200041
420	0.001914567	0.001656762	0.00179825	0.008011259	0.004261693
425	0.001907053	0.001649616	0.001789212	0.008008816	0.004322967
430	0.001899676	0.001642595	0.001780306	0.008005977	0.004383863
435	0.001892432	0.001635697	0.00177153	0.008002759	0.004444378
440	0.001885316	0.001628917	0.001762881	0.00799918	0.004504512
445	0.001878325	0.001622253	0.001754354	0.007995258	0.004564262
450	0.001871455	0.001615701	0.001745949	0.007991008	0.004623629
455	0.001864703	0.001609259	0.001737661	0.007986444	0.004682611
460	0.001858066	0.001602923	0.001729489	0.007981583	0.004741208
465	0.00185154	0.00159669	0.001721429	0.007976437	0.004799419
470	0.001845124	0.001590557	0.001713479	0.00797102	0.004857246
475	0.001838811	0.001584523	0.001705636	0.007965344	0.004914687
480	0.001832601	0.001578583	0.001697899	0.007959422	0.004971742
485	0.001826491	0.001572737	0.001690265	0.007953265	0.005028413
490	0.001820477	0.001566981	0.001682732	0.007946885	0.0050847
495	0.001814558	0.001561313	0.001675297	0.007940291	0.005140603
500	0.001808732	0.001555732	0.001667959	0.007933494	0.005196123
505	0.001802995	0.001550234	0.001660715	0.007926503	0.005251261
510	0.001797345	0.001544817	0.001653564	0.007919329	0.005306018
515	0.001791781	0.001539481	0.001646503	0.007911979	0.005360395
520	0.001786301	0.001534222	0.001639531	0.007904462	0.005414393
525	0.0017809	0.001529039	0.001632646	0.007896786	0.005468013
530	0.001775579	0.001523929	0.001625846	0.007888959	0.005521257
535	0.001770334	0.001518893	0.001619129	0.007880988	0.005574125
540	0.001765165	0.001513927	0.001612494	0.007872881	0.00562662
545	0.001760069	0.001509029	0.001605939	0.007864644	0.005678743
550	0.001755045	0.001504199	0.001599463	0.007856283	0.005730496
555	0.00175009	0.001499435	0.001593063	0.007847806	0.005781879
560	0.001745203	0.001494736	0.001586739	0.007839218	0.005832895
565	0.001740384	0.001490099	0.001580489	0.007830524	0.005883545
570	0.001735629	0.001485523	0.001574312	0.00782173	0.005933831
575	0.001730939	0.001481008	0.001568206	0.007812842	0.005983755
580	0.00172631	0.001476551	0.00156217	0.007803864	0.006033319
585	0.001721742	0.001472151	0.001556202	0.007794802	0.006082524
590	0.001717234	0.001467808	0.001550302	0.007785659	0.006131373
595	0.001712778	0.00146352	0.001544467	0.007776441	0.006179866
600	0.001708385	0.001459286	0.001538698	0.007767152	0.006228007
605	0.001704047	0.001455104	0.001532992	0.007757795	0.006275797
610	0.001699763	0.001450974	0.001527349	0.007748375	0.006323237
615	0.001695533	0.001446895	0.001521767	0.007738895	0.006370331
620	0.001691354	0.001442864	0.001516246	0.007729359	0.00641708
625	0.001687227	0.001438883	0.001510784	0.007719771	0.006463485
630	0.001683149	0.001434948	0.001505379	0.007710134	0.00650955
635	0.001679121	0.001431061	0.001500033	0.007700451	0.006555275
640	0.00167514	0.001427218	0.001494742	0.007690725	0.006600664
645	0.001671206	0.00142342	0.001489506	0.007680958	0.006645717
650	0.001667318	0.001419666	0.001484325	0.007671155	0.006690438
655	0.001663475	0.001415955	0.001479197	0.007661317	0.006734828
660	0.001659676	0.001412286	0.001474122	0.007651448	0.006778889
665	0.001655921	0.001408658	0.001469098	0.007641549	0.006822623
670	0.001652207	0.001405071	0.001464125	0.007631623	0.006866033
675	0.001648535	0.001401523	0.001459202	0.007621672	0.00690912
680	0.001644904	0.001398014	0.001454327	0.007611699	0.006951887
685	0.001641312	0.001394543	0.001449501	0.007601706	0.006994335
690	0.00163776	0.001391109	0.001444723	0.007591694	0.007036467
695	0.00163168	0.001387713	0.001439991	0.007581666	0.007078284
700	0.001628212	0.001384352	0.001435305	0.007571624	0.00711979
705	0.001624782	0.001381027	0.001430664	0.007561569	0.007160985
710	0.001621387	0.001377736	0.001426068	0.007551503	0.007201872
715	0.001618028	0.001374479	0.001421516	0.007541428	0.007242453
720	0.001614704	0.001371256	0.001417007	0.007531345	0.00728273
725	0.001611414	0.001368066	0.00141254	0.007521256	0.007322705
730	0.001610663	0.001364908	0.001408115	0.007511163	0.00736238
735	0.001607431	0.001361782	0.001403731	0.007501066	0.007401757
740	0.001604232	0.001358687	0.001399387	0.007490967	0.007440839
745	0.001601064	0.001355623	0.001395084	0.007480868	0.007479627
750	0.001597927	0.001352588	0.001390819	0.007470769	0.007518123
755	0.001594821	0.001349584	0.001386594	0.007460672	0.007556329
760	0.001591745	0.001346608	0.001382406	0.007450579	0.007594247
765	0.001588699	0.001343661	0.001378256	0.007440489	0.00763188
770	0.001585682	0.001340741	0.001374143	0.007430405	0.007669229
775	0.001582694	0.00133785	0.001370067	0.007420327	0.007706296
780	0.001579733	0.001334985	0.001366026	0.007410255	0.007743083
785	0.001576801	0.001332148	0.001362021	0.007400193	0.007779593
790	0.001573895	0.001329336	0.001358051	0.007390139	0.007815826
795	0.001571016	0.00132655	0.001354115	0.007380095	0.007851786
800	0.001568163	0.00132379	0.001350213	0.007370061	0.007887473
805	0.001565336	0.001321055	0.001346344	0.00736004	0.007922891
810	0.001562534	0.001318344	0.001342509	0.00735003	0.00795804
815	0.001559757	0.001315657	0.001338706	0.007340033	0.007992923
820	0.001557005	0.001312994	0.001334934	0.007330051	0.008027542
825	0.001554277	0.001310355	0.001331195	0.007320082	0.008061899
830	0.001551573	0.001307738	0.001327487	0.007310129	0.008095994
835	0.001548892	0.001305145	0.001323809	0.007300191	0.008129831
840	0.001546233	0.001302573	0.001320162	0.007290269	0.008163411
845	0.00154337	0.001300024	0.001316544	0.007280364	0.008196736
850	0.001540755	0.001297496	0.001312956	0.007270476	0.008229808
855	0.001538164	0.001294989	0.001309397	0.007260606	0.008262629
860	0.001535825	0.001292503	0.001305867	0.007250755	0.0082952
865	0.001533277	0.001290038	0.001302365	0.007240922	0.008327524
870	0.001530749	0.001287594	0.001298891	0.007231108	0.008359601
875	0.001528242	0.001285169	0.001295445	0.007221314	0.008391434
880	0.001525755	0.001282764	0.001292026	0.00721154	0.008423025
885	0.001523288	0.001280379	0.001288633	0.007201787	0.008454376
890	0.00152084	0.001278012	0.001285268	0.007192054	0.008485487
895	0.001518412	0.001275665	0.001281928	0.007182342	0.008516361
900	0.001516003	0.001273336	0.001278614	0.007172652	0.008547
905	0.001513613	0.001271026	0.001275326	0.007162984	0.008577406
910	0.001511241	0.001268733	0.001272063	0.007153338	0.008607579
915	0.001508888	0.001266458	0.001268825	0.007143714	0.008637522
920	0.001506551	0.001264201	0.001265611	0.007134114	0.008667237
925	0.001504233	0.001261961	0.001262422	0.007124536	0.008696725
930	0.001501933	0.001259739	0.001259256	0.007114981	0.008725987
935	0.001499649	0.001257533	0.001256114	0.00710545	0.008755026
940	0.001497383	0.001255343	0.001252996	0.007095942	0.008783843
945	0.001495132	0.00125317	0.0012499	0.007086458	0.00881244
950	0.001492898	0.001251013	0.001246828	0.007076999	0.008840818
955	0.001490681	0.001248872	0.001243778	0.007067563	0.008868979
960	0.00148848	0.001246747	0.00124075	0.007058153	0.008896924
965	0.00148629	0.001244637	0.001237744	0.007048766	0.008924656
970	0.00148412	0.001242542	0.001234759	0.007039405	0.008952175
975	0.001481965	0.001240462	0.001231797	0.007030068	0.008979484
980	0.001479826	0.001238398	0.001228855	0.007020757	0.009006583
985	0.001477701	0.001236348	0.001225934	0.007011471	0.009033475
990	0.001475591	0.001234312	0.001223034	0.00700221	0.009060161
995	0.001473496	0.00123229	0.001220155	0.006992975	0.009086642
1000	0.001471414	0.001230283	0.001217296	0.006983765	0.009112921
1005	0.001469347	0.00122829	0.001214456	0.006974581	0.009138997
1010	0.001467294	0.00122631	0.001211637	0.006965422	0.009164874
1015	0.001465255	0.001224344	0.001208837	0.00695629	0.009190552
1020	0.001463229	0.001222391	0.001206056	0.006947183	0.009216033
1025	0.001461216	0.001220451	0.001203294	0.006938102	0.009241318
1030	0.001459217	0.001218525	0.001200551	0.006929047	0.009266409
1035	0.00145723	0.001216611	0.001197827	0.006920019	0.009291307
1040	0.001455257	0.00121471	0.001195122	0.006911016	0.009316014
1045	0.001453296	0.001212821	0.001192434	0.00690204	0.009340532
1050	0.001451348	0.001210945	0.001189765	0.00689309	0.00936486
1055	0.001449412	0.001209081	0.001187113	0.006884166	0.009389002
1060	0.001447488	0.001207229	0.001184479	0.006875269	0.009412958
1065	0.001445576	0.001205389	0.001181862	0.006866398	0.009436729
1070	0.001443676	0.001203561	0.001179263	0.006857553	0.009460318
1075	0.001441788	0.001201744	0.001176681	0.006848735	0.009483725
1080	0.001439912	0.001199939	0.001174115	0.006839943	0.009506952
1085	0.001438047	0.001198145	0.001171567	0.006831177	0.00953
1090	0.001436193	0.001196363	0.001169034	0.006822437	0.00955287
1095	0.001434351	0.001194592	0.001166519	0.006813724	0.009575564
1100	0.001432519	0.001192831	0.001164019	0.006805038	0.009598083
1105	0.001430699	0.001191081	0.001161535	0.006796378	0.009620428
1110	0.001428889	0.001189342	0.001159067	0.006787744	0.009642601
1115	0.00142709	0.001187614	0.001156615	0.006779136	0.009664603
1120	0.001425301	0.001185896	0.001154178	0.006770555	0.009686436
1125	0.001423523	0.001184188	0.001151757	0.006762	0.009708099
1130	0.001421755	0.001182491	0.001149351	0.006753471	0.009729596
1135	0.001419998	0.001180804	0.001146959	0.006744969	0.009750926
1140	0.001418248	0.001179126	0.001144583	0.006736492	0.009772091
1145	0.001416511	0.001177459	0.001142221	0.006728042	0.009793093
1150	0.001414783	0.001175801	0.001139874	0.006719618	0.009813933
1155	0.001413064	0.001174153	0.001137542	0.00671122	0.009834611
1160	0.001411356	0.001172514	0.001135223	0.006702848	0.009855129
1165	0.001409656	0.001170885	0.001132919	0.006694502	0.009875489
1170	0.001407966	0.001169265	0.001130628	0.006686182	0.009895691
1175	0.001406286	0.001167655	0.001128352	0.006677888	0.009915736
1180	0.001404614	0.001166053	0.001126089	0.00666962	0.009935627
1185	0.001402951	0.001164461	0.00112384	0.006661378	0.009955363
1190	0.001401298	0.001162877	0.001121604	0.006653161	0.009974946
1195	0.001399653	0.001161302	0.001119381	0.00664497	0.009994377
1200	0.001398017	0.001159736	0.001117172	0.006636805	0.010013658
1205	0.00139639	0.001158179	0.001114975	0.006628665	0.010032789
1210	0.001394771	0.00115663	0.001112792	0.006620551	0.010051771
1215	0.001393161	0.00115509	0.001110621	0.006612462	0.010070606
1220	0.001391559	0.001153558	0.001108463	0.006604398	0.010089295
1225	0.001389965	0.001152034	0.001106317	0.00659636	0.010107838
1230	0.00138838	0.001150518	0.001104184	0.006588347	0.010126237
1235	0.001386802	0.001149011	0.001102063	0.00658036	0.010144493
1240	0.001385233	0.001147511	0.001099955	0.006572397	0.010162608
1245	0.001383671	0.001146019	0.001097858	0.00656446	0.010180581
1250	0.001382118	0.001144536	0.001095774	0.006556547	0.010198414
1255	0.001380572	0.00114306	0.001093701	0.006548659	0.010216108
1260	0.001379034	0.001141591	0.00109164	0.006540797	0.010233665
1265	0.001377502	0.001140131	0.00108959	0.006532958	0.010251084
1270	0.001375979	0.001138678	0.001087552	0.006525145	0.010268368
1275	0.001374463	0.001137232	0.001085526	0.006517356	0.010285517
1280	0.001372955	0.001135794	0.00108351	0.006509592	0.010302532
1285	0.001371454	0.001134363	0.001081506	0.006501852	0.010319414
1290	0.00136996	0.001132939	0.001079513	0.006494137	0.010336164
1295	0.001368474	0.001131522	0.001077531	0.006486445	0.010352784
1300	0.001366994	0.001130113	0.00107556	0.006478778	0.010369273
1305	0.001365522	0.00112871	0.001073599	0.006471135	0.010385634
1310	0.001364056	0.001127315	0.00107165	0.006463517	0.010401866
1315	0.001362598	0.001125926	0.001069711	0.006455922	0.010417971
1320	0.001361146	0.001124544	0.001067782	0.006448351	0.01043395
1325	0.001359701	0.001123169	0.001065864	0.006440803	0.010449804
1330	0.001358262	0.001121801	0.001063956	0.00643328	0.010465534
1335	0.00135683	0.001120439	0.001062058	0.00642578	0.01048114
1340	0.001355405	0.001119084	0.00106017	0.006418304	0.010496623
1345	0.001353986	0.001117735	0.001058293	0.006410851	0.010511985
1350	0.001352573	0.001116393	0.001056425	0.006403421	0.010527226
1355	0.001351167	0.001115057	0.001054567	0.006396015	0.010542348
1360	0.001349767	0.001113727	0.001052719	0.006388632	0.01055735
1365	0.001348374	0.001112404	0.001050881	0.006381272	0.010572235
1370	0.001346986	0.001111087	0.001049052	0.006373935	0.010587002
1375	0.001345605	0.001109776	0.001047233	0.006366621	0.010601653
1380	0.00134423	0.001108471	0.001045424	0.00635933	0.010616188
1385	0.00134286	0.001107172	0.001043623	0.006352062	0.010630608
1390	0.001341497	0.001105879	0.001041832	0.006344816	0.010644915
1395	0.00134014	0.001104592	0.00104005	0.006337593	0.010659109
1400	0.001338788	0.001103311	0.001038277	0.006330392	0.01067319
1405	0.001337442	0.001102036	0.001036514	0.006323214	0.010687161
1410	0.001336098	0.001100766	0.001034759	0.006316058	0.01070102
1415	0.001334763	0.001099503	0.001033013	0.006308925	0.01071477
1420	0.001333434	0.001098244	0.001031276	0.006301814	0.010728411
1425	0.001332111	0.001096992	0.001029547	0.006294724	0.010741944
1430	0.001330793	0.001095745	0.001027828	0.006287657	0.01075537
1435	0.001329481	0.001094503	0.001026117	0.006280611	0.010768688
1440	0.001328174	0.001093267	0.001024414	0.006273588	0.010781902
1445	0.001326873	0.001092037	0.00102272	0.006266586	0.01079501
1450	0.001325576	0.001090812	0.001021034	0.006259606	0.010808013
1455	0.001324286	0.001089592	0.001019357	0.006252647	0.010820914
1460	0.001323	0.001088377	0.001017688	0.00624571	0.010833711
1465	0.00132172	0.001087168	0.001016027	0.006238794	0.010846407
1470	0.001320444	0.001085964	0.001014374	0.006231899	0.010859001
1475	0.001319174	0.001084765	0.001012729	0.006225026	0.010871494
1480	0.001317909	0.001083571	0.001011092	0.006218173	0.010883888
1485	0.001316649	0.001082382	0.001009463	0.006211342	0.010896183
1490	0.001315394	0.001081198	0.001007842	0.006204532	0.010908379
1495	0.001314143	0.001080019	0.001006229	0.006197742	0.010920478
1500	0.001312898	0.001078845	0.001004623	0.006190973	0.010932479
