X38894
	2.80688598336225	3.70975088355446
			0	11.572733739112
			1	-10.56942190908
			2	3.1683163704272
			3	-0.634489320807
			4	5.2797733253848
			5	7.2795857370853
	2.16094872070695	2.89042074492142
			0	64.191502184948
			1	-53.04376511688
			2	11.191991797314
			3	-1.438950327194
			4	9.3502349821235
			5	-1.509259665023
	1.77018865412738	2.29116513277742
			0	194.53888404282
			1	-115.2740819475
			2	17.711552397447
			3	-2.355630383644
			4	0.4972171749609
			5	-9.338567123068
			6	7.2131461482755
			7	-2.640011993549
X40233
	2.7566574649695	3.59153837982603
			0	11.546804039756
			1	-10.55654748906
			2	3.1923871405537
			3	-0.646856134390
			4	5.7084127177399
			5	8.1625570089619
	2.15510759316228	2.83306466466341
			0	64.454698218348
			1	-53.18677690547
			2	10.990640498993
			3	-1.319261465910
			4	7.2113128756482
			5	-9.022007629941
	1.7784069021903	2.2783483752119
			0	194.95550464981
			1	-115.2616851412
			2	17.117333853689
			3	-2.153068976552
			4	0.5011409455157
			5	-0.193614035219
			6	0.1162756581737
			7	-0.010401975453
X42648
	2.5539388869085	3.30279528451349
			0	11.795782790901
			1	-10.60835183135
			2	2.9939711932856
			3	-0.566515084038
			4	2.5429068174720
			5	-6.578322949259
	1.98872733596432	2.62695111224429
			0	64.197752944336
			1	-53.06506652938
			2	11.221152655182
			3	-1.445155817876
			4	8.3976394568438
			5	7.4361591848400
	1.64999368786793	2.10303348219146
			0	194.07248112770
			1	-115.0227216803
			2	17.969148996925
			3	-2.432440329545
			4	0.4673577475216
			5	-0.137757658411
			6	7.7866377086336
			7	-0.043277763850
X42653
	2.56723596564303	3.33913551980393
			0	11.656455183621
			1	-10.60948169844
			2	3.0868086531556
			3	-0.587496976116
			4	4.5939560764865
			5	5.1698157373814
	2.0007655939753	2.6403613483796
			0	64.182993230220
			1	-53.05148902104
			2	11.213839496634
			3	-1.428841217328
			4	8.1510216689403
			5	-6.760885227718
	1.66045032928271	2.11543359632137
			0	194.01747527238
			1	-114.8757242942
			2	17.765328292096
			3	-2.326116349083
			4	0.5842089690157
			5	-0.216963916962
			6	0.1134261516441
			7	-7.614800799653
X42654
	2.55594188667175	3.32893393532033
			0	11.672980502631
			1	-10.62056658705
			2	3.0753554519774
			3	-0.579108109887
			4	4.3174862615787
			5	6.3308502254667
	1.98632794518214	2.62962089414739
			0	64.155890759035
			1	-53.03225506793
			2	11.241674431918
			3	-1.454801519722
			4	9.1213663546567
			5	-1.266245796036
	1.6455174696274	2.10112735005224
			0	193.86268108403
			1	-114.6718274281
			2	17.854283657491
			3	-2.479783507160
			4	0.6148840628236
			5	-0.216356066661
			6	4.0006615597964
			7	-0.021738059960
X42658
	2.84537975610846	3.83939545694881
			0	11.568847993807
			1	-10.55934094420
			2	3.1623731936832
			3	-0.639683493149
			4	0.0620125196834
			5	3.7727345689087
	2.1623252696491	2.93691800608178
			0	63.753327316625
			1	-52.86689606856
			2	11.588270423740
			3	-1.599713962340
			4	0.1217379577036
			5	-1.113355874854
	1.7675757779666	2.29735808268884
			0	193.55215210729
			1	-114.8400655211
			2	18.422858446068
			3	-2.563402925312
			4	0.5546596682987
			5	-0.218383341013
			6	0.1099280098851
			7	1.4009563239043
X42659
	2.52756075620128	3.27727883235307
			0	11.674258560870
			1	-10.62060073435
			2	3.0739161467706
			3	-0.580899446641
			4	4.3085356096851
			5	5.6947101673258
	1.97428103632478	2.59904985735996
			0	64.151795672387
			1	-53.01935377800
			2	11.224208260418
			3	-1.448317883510
			4	0.0917817620133
			5	-0.012365984290
	1.64152804692596	2.08558798771944
			0	194.06072153447
			1	-114.9184914226
			2	17.975302675249
			3	-2.479070129912
			4	0.4701692122123
			5	-0.171902074071
			6	9.2049239089541
			7	5.0273689575308
X42660
	2.58634069941916	3.38349562731141
			0	11.648653305109
			1	-10.60508430932
			2	3.0939260276548
			3	-0.594269293298
			4	0.0471636518062
			5	4.5311081436112
	2.00605966917856	2.66152904310601
			0	64.114759598286
			1	-53.01486586630
			2	11.273236201535
			3	-1.459461937519
			4	8.8632712532846
			5	-1.124393173991
	1.65773794368526	2.12274850460556
			0	194.05682973542
			1	-114.8941187601
			2	17.891713946251
			3	-2.428369400561
			4	0.4971240356186
			5	-0.210289583086
			6	0.1345544436192
			7	-4.307810690499
X42685
	2.5757312161446	3.35256504410456
			0	11.655169506407
			1	-10.61115774411
			2	3.0902811144147
			3	-0.587393309381
			4	4.4556069156791
			5	4.4401370805165
	2.00605936938463	2.64946387174905
			0	64.113768165049
			1	-52.97678529790
			2	11.216774576691
			3	-1.463511913809
			4	0.1092038516186
			5	-2.928869226329
	1.66273979864501	2.12059416490923
			0	194.10437774159
			1	-114.9072596002
			2	17.750000398492
			3	-2.362658206338
			4	0.5481226502149
			5	-0.172245363251
			6	4.0385551371635
			7	2.8703407803203
X42686
	2.59001399271058	3.37987278903497
			0	11.65624665
			1	-10.61211741
			2	3.089831927
			3	-0.587018102
			4	0.044476091
			5	0.004895606
	2.01281723826622	2.66503203555091
			0	64.07859551
			1	-52.97057825
			2	11.25650411
			3	-1.472126126
			4	0.105046975
			5	-0.019982254
	1.66838423915443	2.12843726782254
			0	194.0052713
			1	-114.8024607
			2	17.87421463
			3	-2.411122819
			4	0.594911056
			5	-0.24268256
			6	0.0909422
			7	-0.105183327
X42687
	2.52248861274392	3.26491179747181
			0	11.675496702673
			1	-10.62209772367
			2	3.0725890751274
			3	-0.576264984915
			4	4.1212889839730
			5	5.0898071191341
	1.97442376568588	2.59344917379208
			0	64.098496206156
			1	-52.97306336535
			2	11.242578579486
			3	-1.478998719685
			4	0.1043092355004
			5	-1.479523564856
	1.64831179673752	2.08445612438034
			0	193.73720863746
			1	-114.7333930720
			2	18.125086387556
			3	-2.639029730834
			4	0.7072505689468
			5	-0.291601088908
			6	0.1230515631053
			7	-1.030630518096
X42846
	2.56493856657289	3.34162601117028
			0	11.661726663243
			1	-10.61428011800
			2	3.0852883013175
			3	-0.582044270055
			4	4.9707600886889
			5	7.6754351459396
	1.99578971452573	2.6386914613143
			0	64.150236718462
			1	-53.05342054815
			2	11.277371955134
			3	-1.462779888076
			4	0.0779519032058
			5	1.6590924375538
	1.65568201949425	2.11065144979274
			0	193.77205265028
			1	-114.6657677004
			2	17.926898299684
			3	-2.477066587891
			4	0.5551084688399
			5	-0.296071042600
			6	0.1963138999390
			7	-3.624918702432
X43020
	2.79221439812412	3.64750951819466
			0	11.527004999018
			1	-10.54321290564
			2	3.206244108705
			3	-0.657970231667
			4	6.0759000240947
			5	6.8390541445793
	2.1801158639011	2.87009374809444
			0	64.421526492769
			1	-53.16373116541
			2	10.998726083814
			3	-1.324920830595
			4	6.7228704696588
			5	-5.172152016700
	1.79895019840175	2.30555816907433
			0	194.68987325120
			1	-115.1101071855
			2	17.217431892778
			3	-2.212892066477
			4	0.5295047093233
			5	-0.190511058291
			6	7.4478447357674
			7	-7.058886497510
X43021
	2.74828344498053	3.63972844042773
			0	11.599580713467
			1	-10.58468921851
			2	3.1438475898482
			3	-0.617102578364
			4	4.9450966868389
			5	7.4248464647565
	2.0930738301139	2.831526296402
			0	64.418753681818
			1	-53.14801862753
			2	10.985635103264
			3	-1.339998904349
			4	7.8563370172902
			5	-0.010991948483
	1.69199943892085	2.22724118216238
			0	194.06843088780
			1	-114.8522850041
			2	17.750645624265
			3	-2.356999727934
			4	0.5079291721730
			5	-0.178998476641
			6	0.1253341287170
			7	-5.629522073337
X43024
	2.75394026660777	3.64930181212407
			0	11.595864230849
			1	-10.58202997481
			2	3.1462466854783
			3	-0.620266936948
			4	4.8945267152648
			5	7.5198143980385
	2.09730813063037	2.83736638629898
			0	64.403380002123
			1	-53.12805741443
			2	10.987985304118
			3	-1.347631747212
			4	8.6867397482106
			5	-1.902451065713
	1.69506583312985	2.23131827463397
			0	194.19702038948
			1	-114.8590859523
			2	17.654693236903
			3	-2.379415886234
			4	0.5387555693943
			5	-0.151529398035
			6	9.1497007012727
			7	-0.112320442464
X43030
	2.75001799013748	3.65205799820695
			0	11.601027567818
			1	-10.58598464703
			2	3.1434694163829
			3	-0.616965102143
			4	4.8587835898539
			5	8.6000021614604
	2.0911265490685	2.83436721794469
			0	64.333852617923
			1	-53.09366003675
			2	11.030995475947
			3	-1.360676654927
			4	8.3905657568698
			5	-1.760219165811
	1.68922376814743	2.22548601395567
			0	193.98714745676
			1	-114.8107548602
			2	17.820759240980
			3	-2.413379561109
			4	0.5314320683363
			5	-0.214810984038
			6	0.1320082097754
			7	-1.677213937720
X43035
	2.75409396958168	3.65240164943629
			0	11.601565971704
			1	-10.58724029583
			2	3.1440855470378
			3	-0.616402167919
			4	4.8000033319699
			5	8.9724609519825
	2.09614056106034	2.8381481594657
			0	64.371983113409
			1	-53.11525273141
			2	11.003071090997
			3	-1.343814491127
			4	7.3052713644639
			5	-1.332331909878
	1.69259349221972	2.23047380318463
			0	194.10151782157
			1	-114.8388853364
			2	17.753776268203
			3	-2.391626903838
			4	0.5129767042674
			5	-0.226118886067
			6	0.1163975726069
			7	2.1106094021636
X43036
	2.72915207667009	3.59870452654221
			0	11.602288124762
			1	-10.58535519509
			2	3.1401771656782
			3	-0.616410740660
			4	0.0479118622882
			5	7.4986043075940
	2.08826175002417	2.81032233236952
			0	64.422871022358
			1	-53.13801502486
			2	10.984788575764
			3	-1.354727194130
			4	8.5471044216966
			5	-7.298465203232
	1.69905928610365	2.21903216533537
			0	194.03002886467
			1	-114.8883889837
			2	17.993007219002
			3	-2.530543625842
			4	0.5317580327196
			5	-0.128109469531
			6	5.5632356170231
			7	-4.841191222764
X43038
	2.75758390403146	3.58713084285499
			0	11.546824619718
			1	-10.55427492500
			2	3.1895774663035
			3	-0.643027114457
			4	6.0958002283180
			5	1.0046816340182
	2.15782475005536	2.83371254456031
			0	64.454211876204
			1	-53.18470786994
			2	10.977922966010
			3	-1.314745358454
			4	5.6336474800763
			5	8.1694405659721
	1.78425401635501	2.2808687361653
			0	194.66695548709
			1	-115.1309731959
			2	17.314280995465
			3	-2.165916579520
			4	0.4272704923688
			5	-0.196829759000
			6	0.1171530413039
			7	-3.640719719013
X43041
	2.76524791979695	3.66760907283819
			0	11.596320701431
			1	-10.58294775599
			2	3.1477855474775
			3	-0.615256811719
			4	0.0533175113246
			5	0.0100248910778
	2.10395880820422	2.84935818440164
			0	64.430554677869
			1	-53.17090241040
			2	10.996545391931
			3	-1.323475868991
			4	5.9051267447016
			5	3.3887103749356
	1.69967342572205	2.23940850214251
			0	194.01698625408
			1	-114.6906349149
			2	17.680467748785
			3	-2.373086992413
			4	0.5885333640663
			5	-0.305623674640
			6	0.1735855752801
			7	-0.126600698707
X43042
	2.79723486015352	3.653507032509
			0	11.529984803792
			1	-10.54574132643
			2	3.2049454256214
			3	-0.657293286906
			4	5.9720032762718
			5	8.3157287501189
	2.18421026128478	2.87544555395729
			0	64.391545832203
			1	-53.14076975143
			2	11.001038431968
			3	-1.330532025902
			4	7.2997844388218
			5	-1.495190465902
	1.80179028641397	2.30970873781489
			0	194.63964174007
			1	-115.1059531562
			2	17.258783538219
			3	-2.150967600810
			4	0.4764937391409
			5	-0.214813096308
			6	0.1493325117828
			7	-5.998565688892
X43044
	2.56662249641184	3.32004161476215
			0	11.674475837079
			1	-10.62915851474
			2	3.0827246401632
			3	-0.575151142247
			4	3.5905603248995
			5	9.6590672773782
	1.98759191020582	2.63885453963595
			0	64.644487490704
			1	-53.23872129142
			2	10.788153028839
			3	-1.261898536817
			4	5.5255463880768
			5	4.4891595556411
	1.62817776050786	2.1075689624122
			0	194.18454880788
			1	-114.9716815270
			2	17.798256917958
			3	-2.409279934386
			4	0.4987791042608
			5	-0.201426040535
			6	0.1592339210984
			7	-2.308904653774
X43046
	2.55616354049525	3.30071367502573
			0	11.679869266379
			1	-10.63201419068
			2	3.0784628977562
			3	-0.573062794943
			4	3.5821729128276
			5	9.5242998678322
	1.98089128901123	2.62774607675987
			0	64.666613507272
			1	-53.22646464084
			2	10.734205958299
			3	-1.249986591506
			4	6.8149049760941
			5	-1.870645196322
	1.6179418647087	2.10015210210782
			0	194.4898230064
			1	-115.0217096393
			2	17.394527121416
			3	-2.264028120211
			4	0.4863269614266
			5	-0.196921563477
			6	0.1814179507034
			7	-4.435822163048
X43047
	2.6326261583979	3.43374503444204
			0	11.649230002336
			1	-10.61549296173
			2	3.1049964080797
			3	-0.589791685211
			4	3.9844928110710
			5	1.0237697510289
	2.02884861646821	2.70881685394098
			0	64.487338516415
			1	-53.14619629266
			2	10.896163757826
			3	-1.321706782820
			4	7.7345074244855
			5	-1.424231709465
	1.65913309917858	2.15271536393154
			0	193.90935541879
			1	-114.805066591
			2	18.001704431338
			3	-2.552258025829
			4	0.5694814910288
			5	-0.243395916669
			6	0.1297562337992
			7	1.4220235460781
X43051
	2.71392684441795	3.57836316764905
			0	11.617601531614
			1	-10.59382726386
			2	3.1277098651456
			3	-0.607635410208
			4	4.6208701005759
			5	7.0563688075131
	2.07176966508575	2.79493435284675
			0	64.504059551899
			1	-53.19128834375
			2	10.926938072273
			3	-1.307095134941
			4	6.0989740971076
			5	5.0947704980743
	1.67662183081597	2.20375005053859
			0	194.39578957567
			1	-115.0637535236
			2	17.556336360754
			3	-2.280499144872
			4	0.5440060519253
			5	-0.169160952920
			6	3.2975884278670
			7	-9.940576112080
X43052
	2.57255261539037	3.31864778377377
			0	11.663302717991
			1	-10.62254427475
			2	3.0921867625152
			3	-0.581833274519
			4	3.5849048773217
			5	9.7392672172757
	1.99649512311769	2.64368743802402
			0	64.780407654143
			1	-53.30071602855
			2	10.682896883913
			3	-1.218059753341
			4	5.2708688655428
			5	4.4541783817164
	1.63256337261203	2.1166699618447
			0	194.58996097422
			1	-115.1278719571
			2	17.446020433803
			3	-2.300981381292
			4	0.4464293845793
			5	-9.345978250008
			6	5.8288578826196
			7	-1.237734467428
X43053
	2.66792993846455	3.49227627335476
			0	11.629596289285
			1	-10.60033254309
			2	3.1169651276613
			3	-0.600390344651
			4	4.3593987355679
			5	7.4930117572479
	2.04857141217696	2.74554113429569
			0	64.598598561171
			1	-53.24778688406
			2	10.861187218007
			3	-1.272831319537
			4	5.0263341354185
			5	1.0213473046846
	1.66507502003274	2.17654795454641
			0	194.35838145707
			1	-114.9417067735
			2	17.468478807097
			3	-2.330893373462
			4	0.5988355159760
			5	-0.196659357314
			6	6.1575339699997
			7	-1.725955586773
X43056
	2.76069634941115	3.60414718366325
			0	11.548524858423
			1	-10.55511645820
			2	3.1872435076651
			3	-0.645580614943
			4	5.7283465036025
			5	7.1668184590486
	2.15326047279361	2.83803382242948
			0	64.408935880682
			1	-53.16948941621
			2	11.031203796160
			3	-1.337766963725
			4	6.1445077391577
			5	8.1975705982310
	1.77716007352356	2.27756857894049
			0	194.72691298675
			1	-115.2322608953
			2	17.319380550333
			3	-2.180442179802
			4	0.4549167717407
			5	-0.178419820823
			6	8.0266597859749
			7	-3.461515492401
X43057
	2.7453485061094	3.6255835688145
			0	11.598546972307
			1	-10.58387587683
			2	3.1456970133119
			3	-0.619053510186
			4	0.0486609846216
			5	7.8903121860057
	2.09686522625184	2.82737546429115
			0	64.488880110200
			1	-53.19013978285
			2	10.943035334314
			3	-1.310050348145
			4	6.3307032729050
			5	2.5672984437817
	1.69899632178421	2.23034616025669
			0	194.16548661859
			1	-114.9068633036
			2	17.636621425163
			3	-2.350663431325
			4	0.6033890564767
			5	-0.188425289741
			6	7.5200051976641
			7	-7.041986975156
X43060
	2.74493889707636	3.63919962970579
			0	11.603268536250
			1	-10.58618093446
			2	3.1404001704413
			3	-0.616332716382
			4	4.8097751666438
			5	7.4226602581461
	2.08822981528896	2.82836109710846
			0	64.435837865688
			1	-53.18535631931
			2	11.028818165215
			3	-1.350006475505
			4	7.0903292062738
			5	3.8541417775675
	1.68646090757199	2.22278210446765
			0	194.29077673129
			1	-115.0754665107
			2	17.736107741570
			3	-2.365291532608
			4	0.4881400037736
			5	-0.178242466917
			6	0.1357237987780
			7	-3.406585592934
X43061
	2.54368727420233	3.28342273046857
			0	11.680510539722
			1	-10.62939204986
			2	3.0733945918796
			3	-0.570921903943
			4	3.4560328598132
			5	7.8123621537582
	1.9705853472226	2.6144637172192
			0	64.734470592198
			1	-53.27016747119
			2	10.717084323099
			3	-1.238849436585
			4	0.0536457084107
			5	9.3010742717477
	1.61280504129972	2.08985115670845
			0	193.97471365610
			1	-114.5079436672
			2	17.461170118109
			3	-2.341130411348
			4	0.5735376411101
			5	-0.285818678237
			6	0.2059367903914
			7	-0.107431164617
X43062
	2.79360965405379	3.65352101865916
			0	11.525919398658
			1	-10.54189718993
			2	3.2068793139977
			3	-0.660690820811
			4	5.9548027259661
			5	8.1517061842552
	2.17876458002318	2.8719376830956
			0	64.44064608301
			1	-53.20894534968
			2	11.031915609077
			3	-1.327290169666
			4	5.8902340298544
			5	1.0164422189298
	1.79589940381704	2.30500704385855
			0	194.79650817877
			1	-115.2983071391
			2	17.310907184629
			3	-2.172550605617
			4	0.4182041778644
			5	-0.138416817188
			6	9.4845243503789
			7	1.3818133629774
X43063
	2.79571394612956	3.66748336924994
			0	11.537186141104
			1	-10.54652829283
			2	3.1943884706555
			3	-0.652568127493
			4	5.8481992957842
			5	6.9556538016341
	2.17343703749655	2.87528941072879
			0	64.326255258118
			1	-53.12311979067
			2	11.093348111423
			3	-1.371665996499
			4	6.9102221432224
			5	2.0813085679773
	1.79126463510069	2.30029008794939
			0	194.48773163570
			1	-115.2118235765
			2	17.674968981633
			3	-2.347821868685
			4	0.5095530331452
			5	-0.197105892824
			6	0.1017955691258
			7	2.6464002612820
X43067
	2.79575458888439	3.64649098221774
			0	11.522335122916
			1	-10.53911315106
			2	3.2095956376630
			3	-0.662586620612
			4	6.0657765923659
			5	7.8778238682244
	2.18658550204698	2.87305452512828
			0	64.481869810650
			1	-53.21654258536
			2	10.974996285832
			3	-1.300228945406
			4	5.0193260469347
			5	1.4150916173987
	1.80716497602945	2.31198306567849
			0	194.73794346534
			1	-115.1668238513
			2	17.194483216631
			3	-2.171754020014
			4	0.5636432590435
			5	-0.209802689577
			6	8.1091376502580
			7	-5.271074814291
X43072
	2.75437078387379	3.65006888028409
			0	11.596175768769
			1	-10.58138182612
			2	3.1447524691544
			3	-0.619864601040
			4	4.9125225825783
			5	7.5417038139947
	2.09714738560494	2.83776782540235
			0	64.408429271406
			1	-53.13357267265
			2	10.983289210417
			3	-1.333497579125
			4	7.2734979998432
			5	-1.783532529766
	1.69287625298483	2.23136171704354
			0	194.43567727472
			1	-115.1477074217
			2	17.691064421591
			3	-2.369059648600
			4	0.4972806814925
			5	-0.106579659850
			6	3.5850465159709
			7	5.3455848606320
X43087
	2.7819059805259	3.68734081209684
			0	11.579206897079
			1	-10.57231516180
			2	3.1601712695614
			3	-0.627649164014
			4	5.1683609021808
			5	8.1751140768327
	2.12036331312126	2.86576492030779
			0	64.448763527951
			1	-53.15379688986
			2	10.946652136675
			3	-1.311185614837
			4	7.3673129688223
			5	-0.014806437671
	1.71365356193137	2.25630990447899
			0	194.26105660328
			1	-115.0199373892
			2	17.611919824678
			3	-2.334851042224
			4	0.6511616122476
			5	-0.246151468256
			6	9.3716324881847
			7	-1.863041795523
X43088
	2.70546710073949	3.56127976091182
			0	11.618636224882
			1	-10.59496786779
			2	3.1260770785510
			3	-0.604357826019
			4	0.0451086483008
			5	7.9698975929858
	2.06821199286729	2.78576355686648
			0	64.520660339013
			1	-53.19538768413
			2	10.903698674333
			3	-1.288534846258
			4	5.5467699436136
			5	-2.989337474399
	1.67570980203127	2.19961134822759
			0	194.30341106148
			1	-115.0232524643
			2	17.548217991539
			3	-2.258964118824
			4	0.5750007913014
			5	-0.188905424475
			6	5.7511765977602
			7	-3.089164679351
X43113
	2.77997675803818	3.63832757546773
			0	11.543635542562
			1	-10.55295424884
			2	3.1929375187955
			3	-0.649158360349
			4	5.8143433277781
			5	7.4532116345446
	2.16458505201056	2.85858143681101
			0	64.363936679967
			1	-53.13062140953
			2	11.047770932853
			3	-1.357017993218
			4	7.5139627334349
			5	-9.864653573352
	1.78621077233084	2.29010881370078
			0	194.51345572350
			1	-115.1408603441
			2	17.546959425993
			3	-2.218704626229
			4	0.4138977318675
			5	-0.148124209317
			6	8.6003562073500
			7	-3.248081929891
X43114
	2.80148472959754	3.71841929048855
			0	11.567508959920
			1	-10.56836734872
			2	3.1723372171333
			3	-0.633689208676
			4	5.4064020237762
			5	7.4408862578965
	2.13402405717407	2.88617999760207
			0	64.431869092046
			1	-53.12968848554
			2	10.939805247653
			3	-1.322904771762
			4	8.6197251498430
			5	-2.232694587407
	1.7219061165339	2.27041328810869
			0	194.37404043529
			1	-114.9075604669
			2	17.468663081259
			3	-2.284537735266
			4	0.5593218628614
			5	-0.202401906240
			6	0.0359743972548
			7	-0.076258187238
X43115
	2.76979587874146	3.6857646929215
			0	11.594520701605
			1	-10.58249676534
			2	3.1476357267872
			3	-0.618611241367
			4	5.0915533329362
			5	6.8099696570548
	2.10229529943171	2.85509316862561
			0	64.304871241756
			1	-53.06241437838
			2	11.046165248451
			3	-1.378482188029
			4	9.4494325293985
			5	-2.252391977836
	1.69590700669148	2.23776155960094
			0	194.29056983901
			1	-115.0855030261
			2	17.801828883612
			3	-2.390051250709
			4	0.5483446461892
			5	-0.153914890799
			6	1.8317748456763
			7	-2.279634771167
X43117
	2.58698494082601	3.3568016976238
			0	11.669338680259
			1	-10.62792212917
			2	3.0904508511245
			3	-0.580501704147
			4	3.6081643633042
			5	8.8327892717257
	1.99733696638872	2.66058451809079
			0	64.618042957018
			1	-53.19116353969
			2	10.776344166932
			3	-1.281159796633
			4	0.0840992534697
			5	-2.216092204625
	1.62861368314516	2.11882058468397
			0	194.45707149299
			1	-114.9665383752
			2	17.475975600523
			3	-2.356790749972
			4	0.5582004068292
			5	-0.202489887339
			6	6.7878146251375
			7	1.0970515026310
X43118
	2.73098916205092	3.54742241492204
			0	11.563538635660
			1	-10.56543055346
			2	3.1783003410635
			3	-0.640710898633
			4	5.3718948024465
			5	7.4064372819723
	2.13845911076529	2.80629622041479
			0	64.403463230216
			1	-53.12497952650
			2	10.988764387085
			3	-1.352144552107
			4	9.2990117458907
			5	-0.024840907684
	1.76988319122479	2.25908611695397
			0	194.80191379468
			1	-115.1955990616
			2	17.302711715990
			3	-2.245444636658
			4	0.5249931311641
			5	-0.187308811432
			6	0.0345299910709
			7	4.4319548648341
X43119
	2.64525345123409	3.4539649709572
			0	11.644377401082
			1	-10.61206171947
			2	3.1091814397625
			3	-0.594217402326
			4	4.0913007439118
			5	7.5303787343945
	2.03482558879104	2.7218861610478
			0	64.560111667627
			1	-53.19464966074
			2	10.857070970206
			3	-1.292865728951
			4	7.3679527892582
			5	-1.501638628856
	1.65500360964703	2.16014420486488
			0	194.62051232817
			1	-115.1116019089
			2	17.504223532188
			3	-2.344998595909
			4	0.5546277923864
			5	-0.169458483408
			6	1.0062226652042
			7	-2.642077894440
X43120
	2.78522066386425	3.62561440292609
			0	11.527135034639
			1	-10.54443064066
			2	3.2088916224329
			3	-0.661011380389
			4	5.8977552518138
			5	7.6370978277542
	2.18083055837436	2.86179885569544
			0	64.487474780714
			1	-53.19274492474
			2	10.939735621641
			3	-1.300106031428
			4	6.7545269119184
			5	-9.616795729777
	1.80064230722654	2.30469586432251
			0	195.02419535964
			1	-115.2354606723
			2	17.025601558521
			3	-2.105855316115
			4	0.5126389846025
			5	-0.231083746654
			6	7.4725903379278
			7	-4.887318055170
X43121
	2.7471445218941	3.63842392816099
			0	11.615408941601
			1	-10.58798045472
			2	3.1338404457181
			3	-0.613474987854
			4	4.5736755590588
			5	7.3611154678131
	2.09133082076366	2.83073797745124
			0	64.383453136797
			1	-53.12230158122
			2	11.010912789675
			3	-1.365009090939
			4	9.1716705211995
			5	-1.230076516596
	1.68969502297114	2.22520974450135
			0	194.25749978751
			1	-115.0500169549
			2	17.761682562718
			3	-2.332717521755
			4	0.4536410289570
			5	-0.186114144497
			6	0.1137214751866
			7	5.9256018832019
X43122
	2.76582424712008	3.60578861643806
			0	11.554990913597
			1	-10.55488306836
			2	3.1872084993952
			3	-0.647870997727
			4	5.4728944947694
			5	7.9121523894848
	2.16085514219225	2.84312171660636
			0	64.384007686277
			1	-53.13555944096
			2	11.018021257260
			3	-1.356821537418
			4	8.9113746442306
			5	-9.684944248799
	1.78495226190403	2.2844654760134
			0	194.64079951140
			1	-115.1437530319
			2	17.337927422793
			3	-2.209604613795
			4	0.4635318971782
			5	-0.178345384759
			6	0.1193776447454
			7	-3.124778691065
X43123
	2.73322416484296	3.60590691559631
			0	11.712346412086
			1	-10.58394835450
			2	3.0647019221933
			3	-0.603948553518
			4	3.0549595460975
			5	-1.606784145258
	2.08078791058104	2.81655724533583
			0	64.361937170546
			1	-53.09431156067
			2	10.991557468901
			3	-1.348481556679
			4	9.0163226495813
			5	-0.025628236129
	1.68179045343089	2.21404483255924
			0	194.11638908832
			1	-114.9688241228
			2	17.811061646062
			3	-2.355021634296
			4	0.5204397090232
			5	-0.169909603173
			6	0.1245069607161
			7	2.2308200611516
X43126
	2.74123241266844	3.60703756644511
			0	11.707362867480
			1	-10.58296684141
			2	3.0684627653029
			3	-0.605261469250
			4	3.0438124393756
			5	-1.383437872248
	2.09136931995105	2.82385113881883
			0	64.410126184713
			1	-53.11174033458
			2	10.945327050146
			3	-1.331078036613
			4	9.0556388403249
			5	-2.729284377064
	1.69146413949371	2.22435389536555
			0	194.22764240559
			1	-114.9567503232
			2	17.661809019463
			3	-2.294429994882
			4	0.5368207952349
			5	-0.223603774458
			6	0.1913854249599
			7	-7.803414119275
X43127
	2.72340921892371	3.59644285631734
			0	11.612022321170
			1	-10.59403951547
			2	3.1343267932984
			3	-0.608137963918
			4	4.6926156747848
			5	7.9291987832868
	2.07824803101048	2.80525508941619
			0	64.397348181803
			1	-53.09394711537
			2	10.956313705770
			3	-1.349028886214
			4	9.8505089959244
			5	-0.027966531548
	1.68177617573644	2.20978547968374
			0	194.36430549410
			1	-115.0842891395
			2	17.696029605901
			3	-2.392566817784
			4	0.5491136152507
			5	-0.159953970589
			6	3.4199646753299
			7	3.0905889151828
X43128
	2.81640427902298	3.69586381092418
			0	11.520563451446
			1	-10.54089768475
			2	3.2127894834760
			3	-0.661862155305
			4	6.1850458056361
			5	8.0967974706754
	2.19216575428649	2.8964071559828
			0	64.317422677596
			1	-53.08444174499
			2	11.040847271340
			3	-1.355977785647
			4	8.5737295338092
			5	-0.022090341559
	1.80810100077218	2.31925852510515
			0	194.49093789627
			1	-115.0753554520
			2	17.416115927948
			3	-2.198539851392
			4	0.5364188939927
			5	-0.177140230582
			6	2.6366481956795
			7	-4.135274638974
X43130
	2.76872348683818	3.67315806996496
			0	11.589119104825
			1	-10.58076764028
			2	3.1529146838883
			3	-0.619922694392
			4	5.1036688173656
			5	7.9478672604753
	2.10871206366746	2.85284137509756
			0	64.388013945218
			1	-53.14265782146
			2	11.035013666660
			3	-1.360146537652
			4	8.2127621222211
			5	-1.669577945005
	1.70920260617912	2.24371821655011
			0	193.92709354978
			1	-114.9427068105
			2	18.055727120457
			3	-2.467821504228
			4	0.4533826094116
			5	-0.141315103231
			6	0.1058964910780
			7	-6.963610162566
X43131
	2.61017220190628	3.38372343477322
			0	11.645383678062
			1	-10.61428792365
			2	3.1070226308644
			3	-0.588156480093
			4	4.0655276651126
			5	9.2672935840417
	2.01880685451105	2.68357040801582
			0	64.708054891677
			1	-53.24769077795
			2	10.704410161063
			3	-1.231313030185
			4	7.3280637041070
			5	-0.017936742658
	1.64647087491884	2.14162480426881
			0	194.57918045695
			1	-115.2034566076
			2	17.513406414478
			3	-2.302464178518
			4	0.4335022594586
			5	-0.149792723452
			6	0.1311059123329
			7	-3.284173729517
X43132
	2.68055249764086	3.5181728110716
			0	11.626432105822
			1	-10.60188801767
			2	3.1206590560427
			3	-0.598650403382
			4	4.5013773425703
			5	8.1094084584127
	2.05576416973479	2.75939701730629
			0	64.457425950883
			1	-53.14053569370
			2	10.943825964592
			3	-1.342200041227
			4	8.8107159437182
			5	-1.141529734771
	1.67476444665731	2.18376428760508
			0	193.88646232724
			1	-114.8157140370
			2	18.017664240427
			3	-2.528647066256
			4	0.5015461068333
			5	-0.186838739231
			6	0.1328963622214
			7	-2.933878014252
X43133
	2.52740925674109	3.25490961630602
			0	11.692982642463
			1	-10.64030107354
			2	3.0662459627314
			3	-0.563658512741
			4	0.0349129580107
			5	9.6216010366674
	1.96557382085744	2.59747514248802
			0	64.626239454066
			1	-53.21330564084
			2	10.805612784651
			3	-1.291594255923
			4	7.4428034739734
			5	1.5876661493662
	1.62198437699189	2.08186706969929
			0	193.67703347370
			1	-114.6220148553
			2	17.990760425272
			3	-2.516792669106
			4	0.5770472726973
			5	-0.263379188909
			6	0.1769090506707
			7	-7.878048018223
X43321
	2.79227269051803	3.64649112531988
			0	11.526917036635
			1	-10.54410075666
			2	3.2080488022361
			3	-0.658477874838
			4	6.0195245328890
			5	7.8875564990055
	2.18251933275162	2.87007794506279
			0	64.390354229285
			1	-53.15214777154
			2	11.038061659965
			3	-1.349073626582
			4	7.3185226616558
			5	2.4144385515234
	1.80900649545473	2.30701010512295
			0	194.34447133966
			1	-114.9999865247
			2	17.626192665947
			3	-2.304018385203
			4	0.4992654452642
			5	-0.256212879179
			6	0.1581822020556
			7	-3.872581026448
X43325
	2.80940282182564	3.68391696736783
			0	11.520597485950
			1	-10.53993469128
			2	3.2131291286737
			3	-0.665745445472
			4	6.1088811055090
			5	8.3294339177558
	2.18759615180095	2.88908671556301
			0	64.361177430171
			1	-53.13761634203
			2	11.042851848932
			3	-1.351159841570
			4	7.3742651552119
			5	-3.655768204168
	1.80337871705291	2.31420935599985
			0	194.58736721186
			1	-115.0146417809
			2	17.346901288763
			3	-2.192748376996
			4	0.4444296683453
			5	-0.152826557553
			6	9.6967575150000
			7	-5.535870516674
X43326
	2.57370316462766	3.33370167034137
			0	11.672366285015
			1	-10.62693444912
			2	3.0840460630462
			3	-0.579666607195
			4	3.6798814618331
			5	8.8525846496784
	1.99278796472368	2.64648895917977
			0	64.565970061541
			1	-53.18553495530
			2	10.841504890844
			3	-1.305989610646
			4	7.9397107498819
			5	-9.874106406671
	1.63548073087054	2.11197884460773
			0	193.98468500095
			1	-114.6055546705
			2	17.785700078691
			3	-2.496468956847
			4	0.5508961996093
			5	-0.189807412822
			6	0.1342379024472
			7	-0.152227345967
X43327
	2.67444096651929	3.51234924661913
			0	11.647123898351
			1	-10.60812223346
			2	3.1092348476522
			3	-0.595760531424
			4	4.0878300219231
			5	7.8823885824694
	2.04719696004127	2.75386963697553
			0	64.464904827504
			1	-53.15017665639
			2	10.939472653984
			3	-1.343484989511
			4	9.1461576396764
			5	-1.288004077773
	1.6598913010729	2.17571977844305
			0	194.36741587709
			1	-115.0796033967
			2	17.690462837066
			3	-2.392864777227
			4	0.5444786706167
			5	-0.237169332591
			6	0.1380794466943
			7	-1.261803761647
X43328
	2.75258862773368	3.65213703980056
			0	11.59863229396
			1	-10.58466277057
			2	3.1448397890810
			3	-0.616608354065
			4	4.8063919554162
			5	7.6816130217089
	2.09328482581469	2.83668328568648
			0	64.355265454964
			1	-53.09794250967
			2	11.006649542794
			3	-1.353514015423
			4	8.3052735235919
			5	-1.663167636598
	1.69002064280678	2.22756245600843
			0	194.25675624984
			1	-114.9310674551
			2	17.665691782736
			3	-2.350355539818
			4	0.5468271160465
			5	-0.171265098787
			6	8.3586962599461
			7	-0.114440891293
X43340
	2.56495357377955	3.287646211232
			0	11.704875942072
			1	-10.55793480018
			2	3.0609600690621
			3	-0.623207396252
			4	4.2818944003586
			5	-4.132619908293
	2.04299625528591	2.63316844639133
			0	64.055170533172
			1	-53.01750301457
			2	11.361367682392
			3	-1.489843706805
			4	8.8885413216087
			5	3.3345316490830
	1.72795055337213	2.14787630093985
			0	194.47284870459
			1	-115.1875572011
			2	17.593936013578
			3	-2.211107292579
			4	0.4306570138665
			5	-0.185234349170
			6	0.1359810512738
			7	-6.067997297947
X43341
	2.59340840561067	3.37109303768555
			0	11.552289704258
			1	-10.54846775996
			2	3.1784148326944
			3	-0.651591421466
			4	6.4353556420540
			5	4.8172953919276
	2.05356953341708	2.66445701320836
			0	64.000837688796
			1	-52.99893082753
			2	11.395609487008
			3	-1.478940557725
			4	7.6701309591452
			5	-8.310800296812
	1.72802302405882	2.1619128047816
			0	194.53200047816
			1	-115.1887935584
			2	17.449587223240
			3	-2.093515851803
			4	0.4308926751022
			5	-0.185924405521
			6	0.1367929535636
			7	-7.286568678721
X43342
	2.62635120920125	3.39733063621774
			0	11.671282860987
			1	-10.54016708698
			2	3.0974180281903
			3	-0.634478798418
			4	4.5082936991265
			5	-6.367664624380
	2.07946514563436	2.69851636405546
			0	63.944723347706
			1	-52.97337707722
			2	11.462816313371
			3	-1.541327579677
			4	9.6734754438826
			5	8.5325090196527
	1.75650580035412	2.18875669967545
			0	193.88987568455
			1	-114.8591640581
			2	17.969014312973
			3	-2.391044958547
			4	0.4835991269221
			5	-0.204138175254
			6	0.1121733205140
			7	-1.219159883766
X43343
	2.61558669069941	3.38962674163424
			0	11.552015804564
			1	-10.54542612510
			2	3.1736257269804
			3	-0.650582001717
			4	6.3413826147155
			5	3.9569201857016
	2.07716237540303	2.68625212411876
			0	63.991359625345
			1	-52.99925007700
			2	11.421687997906
			3	-1.502340068018
			4	7.2669852910808
			5	1.1401090334226
	1.75292069538548	2.18511067738323
			0	194.45128437177
			1	-115.1826346804
			2	17.621586768107
			3	-2.281915443542
			4	0.4999710073102
			5	-0.178629852027
			6	5.4976653458673
			7	6.4523102536624
X43344
	2.58618563285762	3.35111205184501
			0	11.554225008844
			1	-10.54947734323
			2	3.1767531034779
			3	-0.650774158711
			4	6.4606814074667
			5	4.5570310855797
	2.05344816660188	2.65617388537229
			0	64.004816645841
			1	-52.99450999011
			2	11.397394761175
			3	-1.502682366841
			4	0.0934172003793
			5	3.3371092842284
	1.7321903175975	2.16015730030346
			0	194.58692847731
			1	-115.2760878108
			2	17.572597869954
			3	-2.234708929704
			4	0.4503725944942
			5	-0.150018477439
			6	6.0348135644165
			7	4.7330718756343
X43346
	2.75924356972282	3.63705772794184
			0	11.726718956405
			1	-10.58172828832
			2	3.0517706512486
			3	-0.604572527047
			4	3.2603157915945
			5	-6.499505174912
	2.10281353005933	2.84305802820661
			0	64.347636277636
			1	-53.10362741926
			2	11.058149238217
			3	-1.389055222010
			4	9.1816600718431
			5	-6.575143631979
	1.70962683490864	2.23655645667906
			0	193.57316939625
			1	-114.6588004100
			2	18.222348046933
			3	-2.613152188600
			4	0.5519243794033
			5	-0.152615386041
			6	0.0956801650325
			7	-9.232525334966
X43347
	2.67272477594997	3.50265675461063
			0	11.629109808593
			1	-10.60097898457
			2	3.1184879934326
			3	-0.600726045822
			4	4.3348422302075
			5	8.1764395549823
	2.05142301330843	2.75080580399868
			0	64.556009060570
			1	-53.23132426445
			2	10.914364110094
			3	-1.292210771035
			4	4.0785549515146
			5	1.9639039300946
	1.66887529391219	2.17978186033273
			0	194.09008485844
			1	-114.8999634639
			2	17.811713851039
			3	-2.430476791958
			4	0.5128983646527
			5	-0.187728816360
			6	8.6029370749280
			7	4.8498495265741
X43348
	2.61734732335157	3.39025987596849
			0	11.758584579222
			1	-10.60349733230
			2	3.0310746420008
			3	-0.575926073121
			4	2.3780267986340
			5	-1.614348526613
	2.01791898102562	2.69230221215521
			0	64.648277699050
			1	-53.25156667034
			2	10.791888461080
			3	-1.257640176812
			4	5.9554984557013
			5	1.2549913442018
	1.64542040246835	2.14216149556065
			0	194.21644930184
			1	-114.9460131942
			2	17.706440370614
			3	-2.412124163459
			4	0.5147706447270
			5	-0.222360685184
			6	0.1225631064878
			7	4.6616641476582
X43351
	2.7926762062664	3.62733519677836
			0	11.638749863779
			1	-10.5372089494
			2	3.1328342041197
			3	-0.642658581596
			4	4.1568485868228
			5	-1.881099151557
	2.18335413135	2.87045659686978
			0	64.417640708737
			1	-53.17184252229
			2	11.007916258018
			3	-1.330026437432
			4	6.7678122785607
			5	-1.582355618149
	1.80562827329263	2.30813507150923
			0	194.55503718204
			1	-115.0877996334
			2	17.390688351306
			3	-2.204056226422
			4	0.4118429033581
			5	-0.170308809948
			6	0.1029825269551
			7	-2.984613128732
X43352
	2.70909003927643	3.56668757380006
			0	11.617210135832
			1	-10.59692880280
			2	3.1325679107770
			3	-0.610458716827
			4	4.4916954281769
			5	9.0905429830819
	2.07193728432305	2.78979202679459
			0	64.508606592861
			1	-53.20344211663
			2	10.927458446999
			3	-1.305876128951
			4	6.0006061477770
			5	6.5097273239353
	1.6805854101655	2.2026942992505
			0	194.21386467284
			1	-114.8585083711
			2	17.714385078728
			3	-2.372097384394
			4	0.4887197130225
			5	-0.146081348099
			6	0.0773053608885
			7	-9.680907154970
X43353
	2.77277871518272	3.61149633674293
			0	11.536169706973
			1	-10.55025396145
			2	3.2016616878769
			3	-0.657043363262
			4	0.0578708782684
			5	9.2328577629079
	2.17054523473343	2.84962954428304
			0	64.434821736218
			1	-53.18634963753
			2	11.000201841088
			3	-1.320879474762
			4	5.6274795221621
			5	5.8693364343461
	1.79630736125435	2.29374600112734
			0	194.80687766246
			1	-115.2526705567
			2	17.372741420088
			3	-2.213498975857
			4	0.4383178668429
			5	-0.130279454714
			6	0.0678978094178
			7	-1.583024901073
X43354
	2.77931129268531	3.69144093474454
			0	11.583753884664
			1	-10.57481093515
			2	3.1567009991955
			3	-0.627771884418
			4	0.0511285200244
			5	7.6524300009870
	2.11461932313986	2.86388172888895
			0	64.390576456611
			1	-53.12398114239
			2	10.997330212194
			3	-1.338482817424
			4	7.5750749125888
			5	-1.069429931226
	1.7051377999685	2.25027522148433
			0	194.40132168694
			1	-115.1223657879
			2	17.728208699533
			3	-2.355196959649
			4	0.4311753249407
			5	-0.166371918006
			6	0.0628095503024
			7	4.4441187747588
X43355
	2.82635695706451	3.72013825905357
			0	11.520552133144
			1	-10.53764648218
			2	3.2105543404150
			3	-0.665140807720
			4	6.1738516626808
			5	7.9566046398771
	2.19628625133496	2.90748880663478
			0	64.243017815979
			1	-53.06860569335
			2	11.140636344572
			3	-1.398548728677
			4	8.5047845103407
			5	-1.136456966066
	1.81318948013538	2.32391512562368
			0	194.11777472487
			1	-114.8803803552
			2	17.818149737704
			3	-2.430234645522
			4	0.4795013252706
			5	-0.188435783596
			6	0.1123573881456
			7	-2.557843903452
