X40233
	2.7566574649695	3.59153837982603
			0	11.546804039756
			1	-10.55654748906
			2	3.1923871405537
			3	-0.646856134390
			4	5.7084127177399
			5	8.1625570089619
	2.15510759316228	2.83306466466341
			0	64.454698218348
			1	-53.18677690547
			2	10.990640498993
			3	-1.319261465910
			4	7.2113128756482
			5	-9.022007629941
	1.7784069021903	2.2783483752119
			0	194.95550464981
			1	-115.2616851412
			2	17.117333853689
			3	-2.153068976552
			4	0.5011409455157
			5	-0.193614035219
			6	0.1162756581737
			7	-0.010401975453
