X42658
	2.84537975610846	3.83939545694881
			0	11.568847993807
			1	-10.55934094420
			2	3.1623731936832
			3	-0.639683493149
			4	0.0620125196834
			5	3.7727345689087
	2.1623252696491	2.93691800608178
			0	63.753327316625
			1	-52.86689606856
			2	11.588270423740
			3	-1.599713962340
			4	0.1217379577036
			5	-1.113355874854
	1.7675757779666	2.29735808268884
			0	193.55215210729
			1	-114.8400655211
			2	18.422858446068
			3	-2.563402925312
			4	0.5546596682987
			5	-0.218383341013
			6	0.1099280098851
			7	1.4009563239043
