X42653
	2.56723596564303	3.33913551980393
			0	11.656455183621
			1	-10.60948169844
			2	3.0868086531556
			3	-0.587496976116
			4	4.5939560764865
			5	5.1698157373814
	2.0007655939753	2.6403613483796
			0	64.182993230220
			1	-53.05148902104
			2	11.213839496634
			3	-1.428841217328
			4	8.1510216689403
			5	-6.760885227718
	1.66045032928271	2.11543359632137
			0	194.01747527238
			1	-114.8757242942
			2	17.765328292096
			3	-2.326116349083
			4	0.5842089690157
			5	-0.216963916962
			6	0.1134261516441
			7	-7.614800799653
