X42648
	2.5539388869085	3.30279528451349
			0	11.795782790901
			1	-10.60835183135
			2	2.9939711932856
			3	-0.566515084038
			4	2.5429068174720
			5	-6.578322949259
	1.98872733596432	2.62695111224429
			0	64.197752944336
			1	-53.06506652938
			2	11.221152655182
			3	-1.445155817876
			4	8.3976394568438
			5	7.4361591848400
	1.64999368786793	2.10303348219146
			0	194.07248112770
			1	-115.0227216803
			2	17.969148996925
			3	-2.432440329545
			4	0.4673577475216
			5	-0.137757658411
			6	7.7866377086336
			7	-0.043277763850
