X42846
	2.56493856657289	3.34162601117028
			0	11.661726663243
			1	-10.61428011800
			2	3.0852883013175
			3	-0.582044270055
			4	4.9707600886889
			5	7.6754351459396
	1.99578971452573	2.6386914613143
			0	64.150236718462
			1	-53.05342054815
			2	11.277371955134
			3	-1.462779888076
			4	0.0779519032058
			5	1.6590924375538
	1.65568201949425	2.11065144979274
			0	193.77205265028
			1	-114.6657677004
			2	17.926898299684
			3	-2.477066587891
			4	0.5551084688399
			5	-0.296071042600
			6	0.1963138999390
			7	-3.624918702432
