X43063
	2.79571394612956	3.66748336924994
			0	11.537186141104
			1	-10.54652829283
			2	3.1943884706555
			3	-0.652568127493
			4	5.8481992957842
			5	6.9556538016341
	2.17343703749655	2.87528941072879
			0	64.326255258118
			1	-53.12311979067
			2	11.093348111423
			3	-1.371665996499
			4	6.9102221432224
			5	2.0813085679773
	1.79126463510069	2.30029008794939
			0	194.48773163570
			1	-115.2118235765
			2	17.674968981633
			3	-2.347821868685
			4	0.5095530331452
			5	-0.197105892824
			6	0.1017955691258
			7	2.6464002612820
