X43057
	2.7453485061094	3.6255835688145
			0	11.598546972307
			1	-10.58387587683
			2	3.1456970133119
			3	-0.619053510186
			4	0.0486609846216
			5	7.8903121860057
	2.09686522625184	2.82737546429115
			0	64.488880110200
			1	-53.19013978285
			2	10.943035334314
			3	-1.310050348145
			4	6.3307032729050
			5	2.5672984437817
	1.69899632178421	2.23034616025669
			0	194.16548661859
			1	-114.9068633036
			2	17.636621425163
			3	-2.350663431325
			4	0.6033890564767
			5	-0.188425289741
			6	7.5200051976641
			7	-7.041986975156
