X43056
	2.76069634941115	3.60414718366325
			0	11.548524858423
			1	-10.55511645820
			2	3.1872435076651
			3	-0.645580614943
			4	5.7283465036025
			5	7.1668184590486
	2.15326047279361	2.83803382242948
			0	64.408935880682
			1	-53.16948941621
			2	11.031203796160
			3	-1.337766963725
			4	6.1445077391577
			5	8.1975705982310
	1.77716007352356	2.27756857894049
			0	194.72691298675
			1	-115.2322608953
			2	17.319380550333
			3	-2.180442179802
			4	0.4549167717407
			5	-0.178419820823
			6	8.0266597859749
			7	-3.461515492401
