X43024
	2.75394026660777	3.64930181212407
			0	11.595864230849
			1	-10.58202997481
			2	3.1462466854783
			3	-0.620266936948
			4	4.8945267152648
			5	7.5198143980385
	2.09730813063037	2.83736638629898
			0	64.403380002123
			1	-53.12805741443
			2	10.987985304118
			3	-1.347631747212
			4	8.6867397482106
			5	-1.902451065713
	1.69506583312985	2.23131827463397
			0	194.19702038948
			1	-114.8590859523
			2	17.654693236903
			3	-2.379415886234
			4	0.5387555693943
			5	-0.151529398035
			6	9.1497007012727
			7	-0.112320442464
