X43088
	2.70546710073949	3.56127976091182
			0	11.618636224882
			1	-10.59496786779
			2	3.1260770785510
			3	-0.604357826019
			4	0.0451086483008
			5	7.9698975929858
	2.06821199286729	2.78576355686648
			0	64.520660339013
			1	-53.19538768413
			2	10.903698674333
			3	-1.288534846258
			4	5.5467699436136
			5	-2.989337474399
	1.67570980203127	2.19961134822759
			0	194.30341106148
			1	-115.0232524643
			2	17.548217991539
			3	-2.258964118824
			4	0.5750007913014
			5	-0.188905424475
			6	5.7511765977602
			7	-3.089164679351
