X43030
	2.75001799013748	3.65205799820695
			0	11.601027567818
			1	-10.58598464703
			2	3.1434694163829
			3	-0.616965102143
			4	4.8587835898539
			5	8.6000021614604
	2.0911265490685	2.83436721794469
			0	64.333852617923
			1	-53.09366003675
			2	11.030995475947
			3	-1.360676654927
			4	8.3905657568698
			5	-1.760219165811
	1.68922376814743	2.22548601395567
			0	193.98714745676
			1	-114.8107548602
			2	17.820759240980
			3	-2.413379561109
			4	0.5314320683363
			5	-0.214810984038
			6	0.1320082097754
			7	-1.677213937720
