X43046
	2.55616354049525	3.30071367502573
			0	11.679869266379
			1	-10.63201419068
			2	3.0784628977562
			3	-0.573062794943
			4	3.5821729128276
			5	9.5242998678322
	1.98089128901123	2.62774607675987
			0	64.666613507272
			1	-53.22646464084
			2	10.734205958299
			3	-1.249986591506
			4	6.8149049760941
			5	-1.870645196322
	1.6179418647087	2.10015210210782
			0	194.4898230064
			1	-115.0217096393
			2	17.394527121416
			3	-2.264028120211
			4	0.4863269614266
			5	-0.196921563477
			6	0.1814179507034
			7	-4.435822163048
