X43072
	2.75437078387379	3.65006888028409
			0	11.596175768769
			1	-10.58138182612
			2	3.1447524691544
			3	-0.619864601040
			4	4.9125225825783
			5	7.5417038139947
	2.09714738560494	2.83776782540235
			0	64.408429271406
			1	-53.13357267265
			2	10.983289210417
			3	-1.333497579125
			4	7.2734979998432
			5	-1.783532529766
	1.69287625298483	2.23136171704354
			0	194.43567727472
			1	-115.1477074217
			2	17.691064421591
			3	-2.369059648600
			4	0.4972806814925
			5	-0.106579659850
			6	3.5850465159709
			7	5.3455848606320
