X43053
	2.66792993846455	3.49227627335476
			0	11.629596289285
			1	-10.60033254309
			2	3.1169651276613
			3	-0.600390344651
			4	4.3593987355679
			5	7.4930117572479
	2.04857141217696	2.74554113429569
			0	64.598598561171
			1	-53.24778688406
			2	10.861187218007
			3	-1.272831319537
			4	5.0263341354185
			5	1.0213473046846
	1.66507502003274	2.17654795454641
			0	194.35838145707
			1	-114.9417067735
			2	17.468478807097
			3	-2.330893373462
			4	0.5988355159760
			5	-0.196659357314
			6	6.1575339699997
			7	-1.725955586773
