X43067
	2.79575458888439	3.64649098221774
			0	11.522335122916
			1	-10.53911315106
			2	3.2095956376630
			3	-0.662586620612
			4	6.0657765923659
			5	7.8778238682244
	2.18658550204698	2.87305452512828
			0	64.481869810650
			1	-53.21654258536
			2	10.974996285832
			3	-1.300228945406
			4	5.0193260469347
			5	1.4150916173987
	1.80716497602945	2.31198306567849
			0	194.73794346534
			1	-115.1668238513
			2	17.194483216631
			3	-2.171754020014
			4	0.5636432590435
			5	-0.209802689577
			6	8.1091376502580
			7	-5.271074814291
