X43021
	2.74828344498053	3.63972844042773
			0	11.599580713467
			1	-10.58468921851
			2	3.1438475898482
			3	-0.617102578364
			4	4.9450966868389
			5	7.4248464647565
	2.0930738301139	2.831526296402
			0	64.418753681818
			1	-53.14801862753
			2	10.985635103264
			3	-1.339998904349
			4	7.8563370172902
			5	-0.010991948483
	1.69199943892085	2.22724118216238
			0	194.06843088780
			1	-114.8522850041
			2	17.750645624265
			3	-2.356999727934
			4	0.5079291721730
			5	-0.178998476641
			6	0.1253341287170
			7	-5.629522073337
