X43123
	2.73322416484296	3.60590691559631
			0	11.712346412086
			1	-10.58394835450
			2	3.0647019221933
			3	-0.603948553518
			4	3.0549595460975
			5	-1.606784145258
	2.08078791058104	2.81655724533583
			0	64.361937170546
			1	-53.09431156067
			2	10.991557468901
			3	-1.348481556679
			4	9.0163226495813
			5	-0.025628236129
	1.68179045343089	2.21404483255924
			0	194.11638908832
			1	-114.9688241228
			2	17.811061646062
			3	-2.355021634296
			4	0.5204397090232
			5	-0.169909603173
			6	0.1245069607161
			7	2.2308200611516
