X43117
	2.58698494082601	3.3568016976238
			0	11.669338680259
			1	-10.62792212917
			2	3.0904508511245
			3	-0.580501704147
			4	3.6081643633042
			5	8.8327892717257
	1.99733696638872	2.66058451809079
			0	64.618042957018
			1	-53.19116353969
			2	10.776344166932
			3	-1.281159796633
			4	0.0840992534697
			5	-2.216092204625
	1.62861368314516	2.11882058468397
			0	194.45707149299
			1	-114.9665383752
			2	17.475975600523
			3	-2.356790749972
			4	0.5582004068292
			5	-0.202489887339
			6	6.7878146251375
			7	1.0970515026310
