X43131
	2.61017220190628	3.38372343477322
			0	11.645383678062
			1	-10.61428792365
			2	3.1070226308644
			3	-0.588156480093
			4	4.0655276651126
			5	9.2672935840417
	2.01880685451105	2.68357040801582
			0	64.708054891677
			1	-53.24769077795
			2	10.704410161063
			3	-1.231313030185
			4	7.3280637041070
			5	-0.017936742658
	1.64647087491884	2.14162480426881
			0	194.57918045695
			1	-115.2034566076
			2	17.513406414478
			3	-2.302464178518
			4	0.4335022594586
			5	-0.149792723452
			6	0.1311059123329
			7	-3.284173729517
