X43132
	2.68055249764086	3.5181728110716
			0	11.626432105822
			1	-10.60188801767
			2	3.1206590560427
			3	-0.598650403382
			4	4.5013773425703
			5	8.1094084584127
	2.05576416973479	2.75939701730629
			0	64.457425950883
			1	-53.14053569370
			2	10.943825964592
			3	-1.342200041227
			4	8.8107159437182
			5	-1.141529734771
	1.67476444665731	2.18376428760508
			0	193.88646232724
			1	-114.8157140370
			2	18.017664240427
			3	-2.528647066256
			4	0.5015461068333
			5	-0.186838739231
			6	0.1328963622214
			7	-2.933878014252
