X43115
	2.76979587874146	3.6857646929215
			0	11.594520701605
			1	-10.58249676534
			2	3.1476357267872
			3	-0.618611241367
			4	5.0915533329362
			5	6.8099696570548
	2.10229529943171	2.85509316862561
			0	64.304871241756
			1	-53.06241437838
			2	11.046165248451
			3	-1.378482188029
			4	9.4494325293985
			5	-2.252391977836
	1.69590700669148	2.23776155960094
			0	194.29056983901
			1	-115.0855030261
			2	17.801828883612
			3	-2.390051250709
			4	0.5483446461892
			5	-0.153914890799
			6	1.8317748456763
			7	-2.279634771167
