X43126
	2.74123241266844	3.60703756644511
			0	11.707362867480
			1	-10.58296684141
			2	3.0684627653029
			3	-0.605261469250
			4	3.0438124393756
			5	-1.383437872248
	2.09136931995105	2.82385113881883
			0	64.410126184713
			1	-53.11174033458
			2	10.945327050146
			3	-1.331078036613
			4	9.0556388403249
			5	-2.729284377064
	1.69146413949371	2.22435389536555
			0	194.22764240559
			1	-114.9567503232
			2	17.661809019463
			3	-2.294429994882
			4	0.5368207952349
			5	-0.223603774458
			6	0.1913854249599
			7	-7.803414119275
