X43121
	2.7471445218941	3.63842392816099
			0	11.615408941601
			1	-10.58798045472
			2	3.1338404457181
			3	-0.613474987854
			4	4.5736755590588
			5	7.3611154678131
	2.09133082076366	2.83073797745124
			0	64.383453136797
			1	-53.12230158122
			2	11.010912789675
			3	-1.365009090939
			4	9.1716705211995
			5	-1.230076516596
	1.68969502297114	2.22520974450135
			0	194.25749978751
			1	-115.0500169549
			2	17.761682562718
			3	-2.332717521755
			4	0.4536410289570
			5	-0.186114144497
			6	0.1137214751866
			7	5.9256018832019
