X43114
	2.80148472959754	3.71841929048855
			0	11.567508959920
			1	-10.56836734872
			2	3.1723372171333
			3	-0.633689208676
			4	5.4064020237762
			5	7.4408862578965
	2.13402405717407	2.88617999760207
			0	64.431869092046
			1	-53.12968848554
			2	10.939805247653
			3	-1.322904771762
			4	8.6197251498430
			5	-2.232694587407
	1.7219061165339	2.27041328810869
			0	194.37404043529
			1	-114.9075604669
			2	17.468663081259
			3	-2.284537735266
			4	0.5593218628614
			5	-0.202401906240
			6	0.0359743972548
			7	-0.076258187238
