X43354
	2.77931129268531	3.69144093474454
			0	11.583753884664
			1	-10.57481093515
			2	3.1567009991955
			3	-0.627771884418
			4	0.0511285200244
			5	7.6524300009870
	2.11461932313986	2.86388172888895
			0	64.390576456611
			1	-53.12398114239
			2	10.997330212194
			3	-1.338482817424
			4	7.5750749125888
			5	-1.069429931226
	1.7051377999685	2.25027522148433
			0	194.40132168694
			1	-115.1223657879
			2	17.728208699533
			3	-2.355196959649
			4	0.4311753249407
			5	-0.166371918006
			6	0.0628095503024
			7	4.4441187747588
