X43346
	2.75924356972282	3.63705772794184
			0	11.726718956405
			1	-10.58172828832
			2	3.0517706512486
			3	-0.604572527047
			4	3.2603157915945
			5	-6.499505174912
	2.10281353005933	2.84305802820661
			0	64.347636277636
			1	-53.10362741926
			2	11.058149238217
			3	-1.389055222010
			4	9.1816600718431
			5	-6.575143631979
	1.70962683490864	2.23655645667906
			0	193.57316939625
			1	-114.6588004100
			2	18.222348046933
			3	-2.613152188600
			4	0.5519243794033
			5	-0.152615386041
			6	0.0956801650325
			7	-9.232525334966
