X43347
	2.67272477594997	3.50265675461063
			0	11.629109808593
			1	-10.60097898457
			2	3.1184879934326
			3	-0.600726045822
			4	4.3348422302075
			5	8.1764395549823
	2.05142301330843	2.75080580399868
			0	64.556009060570
			1	-53.23132426445
			2	10.914364110094
			3	-1.292210771035
			4	4.0785549515146
			5	1.9639039300946
	1.66887529391219	2.17978186033273
			0	194.09008485844
			1	-114.8999634639
			2	17.811713851039
			3	-2.430476791958
			4	0.5128983646527
			5	-0.187728816360
			6	8.6029370749280
			7	4.8498495265741
