X43353
	2.77277871518272	3.61149633674293
			0	11.536169706973
			1	-10.55025396145
			2	3.2016616878769
			3	-0.657043363262
			4	0.0578708782684
			5	9.2328577629079
	2.17054523473343	2.84962954428304
			0	64.434821736218
			1	-53.18634963753
			2	11.000201841088
			3	-1.320879474762
			4	5.6274795221621
			5	5.8693364343461
	1.79630736125435	2.29374600112734
			0	194.80687766246
			1	-115.2526705567
			2	17.372741420088
			3	-2.213498975857
			4	0.4383178668429
			5	-0.130279454714
			6	0.0678978094178
			7	-1.583024901073
