X43348
	2.61734732335157	3.39025987596849
			0	11.758584579222
			1	-10.60349733230
			2	3.0310746420008
			3	-0.575926073121
			4	2.3780267986340
			5	-1.614348526613
	2.01791898102562	2.69230221215521
			0	64.648277699050
			1	-53.25156667034
			2	10.791888461080
			3	-1.257640176812
			4	5.9554984557013
			5	1.2549913442018
	1.64542040246835	2.14216149556065
			0	194.21644930184
			1	-114.9460131942
			2	17.706440370614
			3	-2.412124163459
			4	0.5147706447270
			5	-0.222360685184
			6	0.1225631064878
			7	4.6616641476582
