X43326
	2.57370316462766	3.33370167034137
			0	11.672366285015
			1	-10.62693444912
			2	3.0840460630462
			3	-0.579666607195
			4	3.6798814618331
			5	8.8525846496784
	1.99278796472368	2.64648895917977
			0	64.565970061541
			1	-53.18553495530
			2	10.841504890844
			3	-1.305989610646
			4	7.9397107498819
			5	-9.874106406671
	1.63548073087054	2.11197884460773
			0	193.98468500095
			1	-114.6055546705
			2	17.785700078691
			3	-2.496468956847
			4	0.5508961996093
			5	-0.189807412822
			6	0.1342379024472
			7	-0.152227345967
