X09664
	2.66061222376938	3.42377817290174
			0	12.064840457594
			1	-10.46301921805
			2	2.8838162717602
			3	-0.538110505860
			4	5.8861263038191
			5	-8.592824723756
	2.08305806469102	2.72050907978324
			0	64.767562023836
			1	-52.48665988918
			2	11.091314127085
			3	-1.501373602209
			4	0.1194778395274
			5	1.8181958743896
	1.77263704259827	2.19775457649212
			0	184.38136495663
			1	-102.9931042976
			2	15.495234856789
			3	-2.277983072141
			4	0.7336179615756
			5	-0.459254800966
			6	0.3007664729709
			7	-0.272453010037
