X09681
	2.80676655380917	3.75633937844402
			0	11.902160544117
			1	-10.37016181595
			2	3.0241037035731
			3	-0.633279800161
			4	8.9122485169572
			5	-1.461596291737
	2.1354252640776	2.8774381552664
			0	64.604576699520
			1	-52.43936709519
			2	11.262602994650
			3	-1.556151248421
			4	0.1357718483417
			5	1.0233957967386
	1.77232170672292	2.26767381114153
			0	185.74109893146
			1	-104.6569052931
			2	15.739467829373
			3	-2.189037894559
			4	0.5503459232692
			5	-0.245616707161
			6	0.1333307604523
			7	-0.108312526361
