X25799
	2.72696932791907	3.57897402275983
			0	11.950587306997
			1	-10.41803115915
			2	2.9637341237332
			3	-0.588706563335
			4	8.5313220355451
			5	6.2849258217350
	2.11752583033541	2.79127960777543
			0	63.272457185196
			1	-50.58397415947
			2	10.636993907582
			3	-1.447418624665
			4	9.8049268587147
			5	2.8770564717845
	1.75265196664594	2.21623100197757
			0	191.59526250304
			1	-107.8274741527
			2	16.036568310994
			3	-2.113475283261
			4	0.3588798483004
			5	-6.258688437267
			6	1.9947436605572
			7	-3.256729249730
