X26384
	2.74799488588131	3.67452962092012
			0	11.416515628934
			1	-10.54952924968
			2	3.2401204710689
			3	-0.697309977533
			4	9.3797474260489
			5	-2.005853307841
	2.12945267299707	2.81227172393183
			0	63.411337475862
			1	-50.57966277653
			2	10.456313230407
			3	-1.403279626609
			4	0.1234233544535
			5	-1.588114808848
	1.75940280643452	2.2295716296284
			0	191.80155916401
			1	-108.1159410947
			2	16.029243607236
			3	-1.845357356523
			4	4.2176177231460
			5	0.1514103706888
			6	-8.189526093183
			7	3.5636816362194
