X26377
	2.74338940771697	3.57844438233419
			0	11.976974269677
			1	-10.43211677859
			2	2.9444099249306
			3	-0.573811140900
			4	7.7774841993174
			5	6.7695338295947
	2.13092028105534	2.80696846584511
			0	63.421435299863
			1	-50.61769073247
			2	10.494883956114
			3	-1.405445266344
			4	8.8143006115936
			5	2.7076011776597
	1.76391555229125	2.23078580320298
			0	191.35070618757
			1	-107.6872142778
			2	16.237584116874
			3	-2.239802377365
			4	0.3985316259995
			5	-6.725600687832
			6	2.6433704490375
			7	-0.012199726088
