X36914
	2.85762778262103	3.84772186301552
			0	11.412862025395
			1	-10.55291119101
			2	3.2480651241589
			3	-0.696812500881
			4	9.0833700445116
			5	-2.593696597848
	2.19224308875678	2.92649026169014
			0	63.511161964301
			1	-50.62344388773
			2	10.360008982155
			3	-1.361192348822
			4	0.1196092385456
			5	-1.502588447080
	1.79441554200995	2.30064264944812
			0	191.22196656021
			1	-107.5758582227
			2	16.290278781208
			3	-2.282640363363
			4	0.4438135045714
			5	-0.161430360078
			6	0.1259625572487
			7	-8.660863700715
