X36931
	2.85451193360953	3.81181213159069
			0	11.541066612358
			1	-10.55205042820
			2	3.1946107823103
			3	-0.649409575821
			4	5.9172144063936
			5	7.7155649008625
	2.18251134495491	2.94194552004188
			0	64.138692609530
			1	-53.03417184010
			2	11.241568516657
			3	-1.425936759057
			4	8.5656223661870
			5	-1.928904298847
	1.77758840207725	2.31834261342407
			0	194.12969929175
			1	-114.9873554477
			2	17.742520764306
			3	-2.365119291765
			4	0.5911911862720
			5	-0.179166814676
			6	0.1005584709470
			7	-8.029130243164
