X38195
	2.75831645556257	3.63633800980848
			0	11.682505499194
			1	-10.53885291592
			2	3.0972901044411
			3	-0.625711050387
			4	3.7774201084465
			5	-4.105812670601
	2.12586441438162	2.84057033423329
			0	64.090510118992
			1	-52.99974396395
			2	11.272455041509
			3	-1.452871028151
			4	9.7775382851913
			5	-1.841378220989
	1.74626255474089	2.25340459850354
			0	194.16522595605
			1	-115.1112289404
			2	17.808330598315
			3	-2.298510454080
			4	0.5652284581550
			5	-0.216024017977
			6	8.0286841625856
			7	-4.607466981303
