X38219
	2.76140009053922	3.70852311218804
			0	11.380510309390
			1	-10.52457645423
			2	3.2667684919650
			3	-0.720078709759
			4	0.1030720158162
			5	-4.252858341277
	2.14550928385265	2.8261770702504
			0	63.291492004368
			1	-50.54682204103
			2	10.576002887325
			3	-1.438225877704
			4	0.1249805903378
			5	-1.507837067036
	1.77999323493951	2.24464268987047
			0	191.48742327211
			1	-107.7988413491
			2	16.156123775016
			3	-2.156591322636
			4	0.3428134246730
			5	-5.516882054833
			6	2.7073331100489
			7	5.5246663106263
