X38526
	2.83111751226056	3.81996537237376
			0	11.581016580911
			1	-10.56583685779
			2	3.1496426109732
			3	-0.628415843364
			4	5.9161701023040
			5	2.3186914990552
	2.142527711211	2.9224902474573
			0	63.807751572636
			1	-52.86681558377
			2	11.521188084754
			3	-1.592655757890
			4	0.1420037160804
			5	-2.723757055252
	1.74366354359582	2.27863209579039
			0	193.46590997086
			1	-114.6423523209
			2	18.343034997243
			3	-2.675154944679
			4	0.6447758781262
			5	-0.175535689760
			6	6.1688928648153
			7	-5.050386431411
