X38895
	2.76375596419868	3.65543887129829
			0	11.560869208744
			1	-10.56108785266
			2	3.1746103218391
			3	-0.637235225835
			4	5.6227894185980
			5	6.0198789548947
	2.12538112243904	2.84598380414361
			0	64.236762687333
			1	-53.07730174204
			2	11.162915138502
			3	-1.420485054945
			4	0.1041613657443
			5	-1.105666256502
	1.73805480743597	2.25435471623168
			0	194.15635738748
			1	-114.7099180908
			2	17.528429602835
			3	-2.383959118915
			4	0.5851320206965
			5	-0.240810559333
			6	0.1420107822330
			7	-0.140730705368
