X38899
	2.82281514716412	3.74825516064194
			0	11.544256710378
			1	-10.54989784924
			2	3.1862299147218
			3	-0.646503912801
			4	5.8463000941439
			5	5.8656818724964
	2.16595390518013	2.9073374437987
			0	64.221930469804
			1	-53.06437457374
			2	11.168607865348
			3	-1.410315756984
			4	9.5521730853245
			5	-1.712957024618
	1.77285661577568	2.29866329845742
			0	192.79661004330
			1	-113.0430378769
			2	17.147216192228
			3	-2.235114102887
			4	0.5216739229477
			5	-0.176998362772
			6	8.6023259157425
			7	-7.692921676341
