X38892
	2.81402856816663	3.72598058576402
			0	11.579782735392
			1	-10.56607241364
			2	3.1595942048958
			3	-0.631945668870
			4	5.1223816315472
			5	7.9953003664040
	2.16240535513084	2.89866326279447
			0	64.151499785748
			1	-53.04109461693
			2	11.215267832562
			3	-1.431850871282
			4	0.1000069914684
			5	-2.140193689638
	1.76919699734539	2.29379354106083
			0	194.07793960189
			1	-114.7113799272
			2	17.579788200060
			3	-2.301879446601
			4	0.5599095751746
			5	-0.229188756635
			6	0.1268486209615
			7	-9.875222227551
