X39164
	2.54100300981428	3.31675880112714
			0	11.566994282566
			1	-10.56083689098
			2	3.1688769980684
			3	-0.641087992607
			4	6.1747821627310
			5	6.2600242418784
	1.99862602288506	2.61235147617394
			0	64.024359783396
			1	-53.02350311358
			2	11.426958951033
			3	-1.528642646000
			4	9.3445894885862
			5	2.6929099672147
	1.67336553194354	2.10726971495866
			0	194.25763093091
			1	-114.8909037976
			2	17.613126358468
			3	-2.339065259425
			4	0.5530115556985
			5	-0.286223691527
			6	8.0355479859706
			7	-0.029005024362
