X39162
	2.69191482938869	3.51454509376055
			0	11.535883224785
			1	-10.53849282834
			2	3.1899061363922
			3	-0.655703726714
			4	6.1687580212938
			5	6.4193443167421
	2.116656781965	2.76700703718913
			0	64.082542632990
			1	-53.04500081546
			2	11.327905513095
			3	-1.460326344465
			4	7.8761009990439
			5	5.7602131543229
	1.76556797749609	2.23257527584812
			0	193.36828854351
			1	-113.2135850485
			2	16.394771113012
			3	-1.978976962026
			4	0.5956180459392
			5	-0.376911909985
			6	0.2052891024158
			7	0.1090019704591
