X39159
	2.78906002230065	3.66484421004759
			0	11.729600870993
			1	-10.49546598502
			2	3.0685284831399
			3	-0.649038411946
			4	3.4618579491779
			5	-1.489552854621
	2.16482939603903	2.87126585552534
			0	64.048927489988
			1	-53.06604636064
			2	11.400430727833
			3	-1.480669688176
			4	9.0729089697099
			5	1.4610514009935
	1.7875266409372	2.29018870288506
			0	194.53404042128
			1	-115.1622683598
			2	17.576163608027
			3	-2.255729692729
			4	0.4487381804374
			5	-0.221542172840
			6	8.5772684313118
			7	4.0163705782703
