X39702
	2.78848591243858	3.6576502351822
			0	11.534364878552
			1	-10.54611196871
			2	3.1984757200341
			3	-0.652584464908
			4	5.9432174128297
			5	6.9052266677094
	2.16935429571443	2.86799824603765
			0	64.268848389508
			1	-53.07776513942
			2	11.113531888811
			3	-1.405361972910
			4	0.1102023827630
			5	-2.126500390816
	1.78930947544041	2.29473434777839
			0	194.45531188097
			1	-114.9402956795
			2	17.373208646521
			3	-2.329796253036
			4	0.5363979805480
			5	-0.158948068089
			6	9.0292911178980
			7	-8.644682843277
