X39705
	2.76792539218987	3.60486062825326
			0	11.589472927116
			1	-10.55835579581
			2	3.1627526285445
			3	-0.640181112808
			4	4.6755701936110
			5	5.6688986535613
	2.16255687948328	2.84526269326551
			0	64.363619934800
			1	-53.13056139187
			2	11.063736093883
			3	-1.377145289996
			4	9.4268134023684
			5	-1.575470971688
	1.78777301155241	2.2859795619382
			0	194.6920565619
			1	-115.2130245605
			2	17.362254450090
			3	-2.265999071985
			4	0.4783171572003
			5	-0.122223215774
			6	0.1086341531817
			7	1.0279889299680
