X39711
	2.87939803070594	3.83617772176699
			0	11.538660147303
			1	-10.54773919264
			2	3.1922025669665
			3	-0.650073360098
			4	6.0499846767502
			5	5.6243570645269
	2.20572463697542	2.96692789661908
			0	64.145008642683
			1	-53.04455721809
			2	11.246363712613
			3	-1.448746837133
			4	0.1069148204359
			5	-0.011596727210
	1.80004752902937	2.34151035626023
			0	194.24642122470
			1	-114.9932748287
			2	17.655625530396
			3	-2.336629909398
			4	0.5386604581340
			5	-0.160682327715
			6	6.7514692326897
			7	-7.317407440301
