X39737
	2.8458421799396	3.59028674642546
			0	12.740218139842
			1	-10.50114710791
			2	2.2243545234822
			3	-0.611303388266
			4	-0.146213775875
			5	-9.963170034265
	2.1860079004573	2.9314917331505
			0	64.149802751353
			1	-53.03557774876
			2	11.225998159710
			3	-1.436048912715
			4	9.9658783571001
			5	-2.032933978535
	1.78901103220874	2.31901767086809
			0	194.15566057127
			1	-115.0345628774
			2	17.890929091702
			3	-2.350634583685
			4	0.4537389700580
			5	-0.154291586923
			6	9.2801322345232
			7	1.7286666999150
