X40222
	2.7628414198723	3.59696637585644
			0	11.544764457665
			1	-10.55787862478
			2	3.1967803086543
			3	-0.647971302792
			4	5.5354049307001
			5	8.7595932508366
	2.16243152912344	2.83924636395834
			0	64.468756088132
			1	-53.19203682027
			2	10.955726857312
			3	-1.283171999447
			4	5.2254046449877
			5	-8.863250776424
	1.78615087174587	2.28589684853439
			0	194.98402621840
			1	-115.3802405906
			2	17.077386161099
			3	-2.037707308668
			4	0.5255840253734
			5	-0.218040389458
			6	0.1076777642774
			7	-4.907516327383
