X40232
	2.60104792745445	3.3268854629902
			0	11.608877141474
			1	-10.59466309882
			2	3.1428274245926
			3	-0.611571683834
			4	4.4323005421450
			5	9.7504791663653
	2.05929711792084	2.66901969172119
			0	64.593071051325
			1	-53.19971007922
			2	10.796045561112
			3	-1.245634629133
			4	6.1401661520980
			5	-2.279917851305
	1.71539273083171	2.17130953561414
			0	194.92527939760
			1	-115.2105566067
			2	16.963577923712
			3	-2.098323002068
			4	0.5515835761695
			5	-0.165073257938
			6	7.3790790396230
			7	-0.030829288194
