X40212
	2.60828592859197	3.33826063642505
0.000000000000000	11.613011145348066
1.000000000000000	-10.592271410879142
2.000000000000000	3.135354388708272
3.000000000000000	-0.609751904382153
4.000000000000000	0.045341867694119
5.000000000000000	0.008846011150329
	2.06047395105386	2.67685393983516
0.000000000000000	64.640019318979455
1.000000000000000	-53.250118316037934
2.000000000000000	10.791291132077408
3.000000000000000	-1.247124543529068
4.000000000000000	0.060113590313998
5.000000000000000	-0.013105490118103
	1.71433621542604	2.17338710502567
0.000000000000000	194.900275543456871
1.000000000000000	-115.100801456368813
2.000000000000000	17.105791536696358
3.000000000000000	-2.174561886343078
4.000000000000000	0.444379309894568
5.000000000000000	-0.169694873257933
6.000000000000000	0.116867412659201
7.000000000000000	-0.034596785514071
