X09682
	2.78031010985022	3.70206847349675
			0	11.92331981963
			1	-10.38528478509
			2	2.9951253612844
			3	-0.610283302742
			4	8.2960369866924
			5	-7.218800562252
	2.12095541633466	2.84893017311522
			0	64.619804495424
			1	-52.45050328182
			2	11.266210207570
			3	-1.557243992368
			4	0.1129385316230
			5	2.2818942114684
	1.76359269471817	2.25085164236215
			0	185.80647930932
			1	-104.7645340957
			2	15.869056686804
			3	-2.292257941197
			4	0.5029920955505
			5	-0.140912018719
			6	4.3453109748705
			7	-0.060021907150
