X25764
	2.71758493356808	3.57644416099811
			0	11.538220970387
			1	-10.54188089243
			2	3.1865216741007
			3	-0.653067687390
			4	6.6625031206276
			5	3.4454107033962
	2.12487976627158	2.79596055239389
			0	63.889939176333
			1	-52.91797404641
			2	11.440206122785
			3	-1.549012766308
			4	0.1335372107029
			5	-2.053722394072
	1.773855093178	2.22391993035194
			0	196.60435455581
			1	-111.1589500666
			2	15.981896736993
			3	-1.832662010485
			4	0.3883587671119
			5	-4.529175421880
			6	-2.272764068544
			7	1.1775847333615
