X25757
	2.71117589650689	3.53518086204021
			0	11.971157435180
			1	-10.42838997164
			2	2.9475309554104
			3	-0.579219660494
			4	8.1496938194849
			5	6.8329005620846
	2.11646179253609	2.77373828972806
			0	63.286338378601
			1	-50.57929105781
			2	10.625293751293
			3	-1.450261139583
			4	9.9806467142327
			5	2.9461177682259
	1.75986546035896	2.21275072958907
			0	191.64629198067
			1	-107.8439814547
			2	16.011065593466
			3	-2.113510389170
			4	0.3467352561996
			5	-0.042499474893
			6	7.6800989822336
			7	-3.282618326248
