X25912
	2.69900699596454	3.52046212011938
			0	11.976340578647
			1	-10.43076976970
			2	2.9433150647154
			3	-0.576586017413
			4	8.0500633619484
			5	6.5998377189108
	2.10482072752467	2.76147001761573
			0	63.284563869363
			1	-50.57012964122
			2	10.620161906504
			3	-1.451302282555
			4	9.7322016956986
			5	2.9528814077935
	1.7494436477771	2.20106868445599
			0	191.53082019102
			1	-107.7895885474
			2	16.069122483718
			3	-2.134681835873
			4	0.3689455621989
			5	-5.922637954220
			6	2.9115487024269
			7	-1.051112717617
