X26396
	2.75871942098157	3.53744558979373	
			0	12.244088034195
			1	-10.58494588115
			2	2.5754335222751
			3	-0.599793092694
			4	-3.703656865397
			5	-1.425234133506
	2.1329436129254		2.84069069924392	
			0	64.035431097849
			1	-52.99289534426
			2	11.336098896570
			3	-1.484217473354
			4	0.1032039845065
			5	-1.773462511805
	1.76017389934023	2.25844017747995
			0	194.01844398159
			1	-114.9449189712
			2	17.925679219600
			3	-2.423549867597
			4	0.5227030033446
			5	-0.193835926557
			6	0.1115370945652
			7	-2.861722006045
