X26510
	2.73785790793948	3.62533687367932
			0	11.515035501775
			1	-10.59840032526
			2	3.1605139464029
			3	-0.656181419314
			4	8.1757027531005
			5	-2.159277348425
	2.12542205447659	2.80134654816204
			0	63.492491165551
			1	-50.61334583810
			2	10.381616462208
			3	-1.372530981660
			4	0.1173300489074
			5	-1.181745044362
	1.75755422894438	2.2250965545933
			0	191.47665591208
			1	-107.7640664812
			2	16.151272003361
			3	-2.188143932637
			4	0.3635974083059
			5	-6.177812066454
			6	2.9839180616617
			7	6.2211376479330
