X33709
	2.59237978425487	3.352202317628
			0	11.989723443081
			1	-10.43694505321
			2	2.9328104320695
			3	-0.570463747490
			4	7.7352523265685
			5	7.4142282359014
	2.0340759939858	2.65049305451685
			0	63.428004277711
			1	-50.63969918910
			2	10.495317052878
			3	-1.387703829194
			4	8.5330405128998
			5	2.5744602453322
	1.69432768823803	2.1252293669251
			0	191.75587140012
			1	-107.8398286977
			2	15.879547610014
			3	-2.112373739221
			4	0.3587102451570
			5	-5.667914026087
			6	1.8162887726838
			7	2.0928011462761
