X36923
	2.85870488587106	3.84403456760883
			0	11.421368816613
			1	-10.55760138568
			2	3.2404985087056
			3	-0.691804711857
			4	0.0896156196866
			5	-4.474575071195
	2.19494448271722	2.92740135803322
			0	63.496819016389
			1	-50.61208384937
			2	10.370538985853
			3	-1.369881816858
			4	0.1211467396565
			5	-1.562655124369
	1.79969686939433	2.30294928212855
			0	191.18885499106
			1	-107.6412901472
			2	16.410805614687
			3	-2.305173086687
			4	0.3801405755778
			5	-5.122595398789
			6	2.0811367967153
			7	0.0055016196951
