X37136
	2.74384518644742	3.59410874291298
			0	11.705939256460
			1	-10.55262029157
			2	3.0777532951661
			3	-0.612420401465
			4	3.3598223339059
			5	-3.184963949618
	2.12282091230097	2.82415213821299
			0	64.172020793203
			1	-53.04457042822
			2	11.214902590507
			3	-1.424122758980
			4	8.3318329472570
			5	-9.426515662725
	1.74869035469515	2.24854971012823
			0	194.12542795362
			1	-115.0081499233
			2	17.755038121377
			3	-2.334938937996
			4	0.6203681414448
			5	-0.268356461049
			6	8.3360889846736
			7	-1.149630296075
