X37133
	2.73971581987179	3.58480679682513
			0	11.709039676018
			1	-10.55373199598
			2	3.0737657904262
			3	-0.609799241505
			4	3.3019305294665
			5	-3.851764853657
	2.12097747302706	2.81965107461843
			0	64.1696992109
			1	-53.03443323961
			2	11.200517393709
			3	-1.425469046006
			4	9.7406413576074
			5	-2.377968018879
	1.74821447163291	2.24609349357361
			0	194.10543471016
			1	-114.9876106692
			2	17.753831242144
			3	-2.346077527961
			4	0.5803127294544
			5	-0.229784533875
			6	0.1199773911061
			7	-0.036243704981
