X38897
	2.85078614857325	3.79692679564056	
			0	11.541583207569
			1	-10.54350697512
			2	3.1924699208722
			3	-0.654842896265
			4	0.0573789675211
			5	8.0226243534384
	2.18374207077129	2.93748369875702	
			0	64.164426251854
			1	-53.05137366383
			2	11.203100373486
			3	-1.423843922017
			4	0.1061136225848
			5	-2.638902043265
	1.78021841425962	2.31847886867637	
			0	194.09941948520
			1	-114.8007226716
			2	17.642186941366
			3	-2.359817716795
			4	0.5647053775665
			5	-0.212643038932
			6	0.1078292877190
			7	-4.218062228672
