X38898
	2.85288649693589	3.80531726843267	
			0	11.534447194785
			1	-10.54613012067
			2	3.1964494185552
			3	-0.651193636748
			4	6.0504079167355
			5	6.0137307917041
	2.1820789574774		2.93982848496892	
			0	64.192187701390
			1	-53.07495051803
			2	11.213538630634
			3	-1.420606165320
			4	8.9003897678784
			5	-5.098415632950
	1.77776803362716	2.3176481974671	
			0	194.23855737491
			1	-115.0511246201
			2	17.809083360744
			3	-2.365266213917
			4	0.5173840205008
			5	-0.201683900515
			6	7.4820616334055
			7	-7.915066434518
