X38894
	2.80688598336225	3.70975088355446
			0	11.572733739112
			1	-10.56942190908
			2	3.1683163704272
			3	-0.634489320807
			4	5.2797733253848
			5	7.2795857370853
	2.16094872070695	2.89042074492142
			0	64.191502184948
			1	-53.04376511688
			2	11.191991797314
			3	-1.438950327194
			4	9.3502349821235
			5	-1.509259665023
	1.77018865412738	2.29116513277742
			0	194.53888404282
			1	-115.2740819475
			2	17.711552397447
			3	-2.355630383644
			4	0.4972171749609
			5	-9.338567123068
			6	7.2131461482755
			7	-2.640011993549
