X38891
	2.81933689223495	3.72985509068912
			0	11.561228673029
			1	-10.55936708272
			2	3.1723155061052
			3	-0.636582120036
			4	5.5535910959078
			5	5.9451163484549
	2.17116586674738	2.90300545420204
			0	64.190806590084
			1	-53.05664274626
			2	11.200499433808
			3	-1.417463645921
			4	8.9104625124046
			5	-1.125831706025
	1.78175293398241	2.30195024544676
			0	192.97624092902
			1	-113.0932816846
			2	16.958950211023
			3	-2.179818972333
			4	0.5711883675171
			5	-0.216807747344
			6	0.0635744899663
			7	-5.915648957680
