X38885
	2.78307404223372	3.6488750773239
			0	11.607651229438
			1	-10.58235680134
			2	3.1360411711535
			3	-0.615539115508
			4	4.6268667075297
			5	7.9968917101394
	2.15344124089889	2.86416826846176	
			0	64.229799899932
			1	-53.05724028337
			2	11.125541793809
			3	-1.401567523377
			4	0.1002593137155
			5	-2.962507844251
	1.77065587235791	2.28088563652464
			0	194.14282268950
			1	-114.8141758851
			2	17.620807282866
			3	-2.356350335756
			4	0.5686116002628
			5	-0.218374788894
			6	0.1240181192973
			7	-2.702068169383
