X38896
	2.85875834271405	3.8172493949762		
			0	11.542826854536
			1	-10.55107678153
			2	3.1923417396737
			3	-0.649654377120
			4	6.0125340718016
			5	6.2635109484582
	2.18400817134625	2.94619755326059	
			0	64.188540626316
			1	-53.08582142639
			2	11.255095973470
			3	-1.436732176321
			4	9.4160950735641
			5	-6.054026962051
	1.77695471470902	2.32017317413322	
			0	194.31472583899
			1	-115.0110007476
			2	17.683465656704
			3	-2.374013750865
			4	0.5276654731378
			5	-0.166168018644
			6	7.0331170335409
			7	-4.096317940381
