X39166
	2.62051579763548	3.41609759288434	
			0	11.561096902446
			1	-10.55575859805
			2	3.1704046803394
			3	-0.641719709292
			4	6.1249761945903
			5	4.6240754363703
	2.06214129963187	2.69355179798603	
			0	64.058596051479
			1	-53.01949628693
			2	11.347157790589
			3	-1.478939999346
			4	8.9881428596176
			5	1.4886473578234
	1.72742412811647	2.17415785470738	
			0	194.27558950166
			1	-115.0031185961
			2	17.685212312623
			3	-2.311351735704
			4	0.5193646097227
			5	-0.195039153677
			6	1.4640822507946
			7	-6.468522958351
