X39158
	2.69483237641618	3.51382849564695
			0	11.539393824022
			1	-10.54685068452
			2	3.1939618674674
			3	-0.655424465851
			4	6.1263096346869
			5	8.1440828491559
	2.12241419903747	2.76947234344994
			0	64.141127882225
			1	-53.06496528394
			2	11.268490563366
			3	-1.407219797491
			4	5.8570553059028
			5	-1.258926067147
	1.77428924814104	2.23842643373847
			0	194.41852763623
			1	-115.1004673576
			2	17.515905582128
			3	-2.254579476722
			4	0.5976430851777
			5	-0.209042549544
			6	4.9139459725986
			7	4.6624779353776
