X39167
	2.71509018213401	3.60615917202869	
			0	11.517630664472
			1	-10.53011256960
			2	3.2089826822760
			3	-0.669129705141
			4	0.0693410294874
			5	4.4999227240503
	2.10511518893585	2.79547789690507	
			0	63.971399863008
			1	-52.99140506595
			2	11.440447328409
			3	-1.508987209366
			4	0.1032956779294
			5	-1.374781988560
	1.73939962069882	2.22689198277037	
			0	194.43725879064
			1	-115.0854157740
			2	17.574901350522
			3	-2.301690533933
			4	0.5416226876388
			5	-0.186699032135
			6	7.4325333962231
			7	0.0142352656131
