X39148
	2.70644973396554	3.5038697160998
			0	11.773619895217
			1	-10.51949579019
			2	3.0338976883513
			3	-0.623937841376
			4	2.6844745033782
			5	-1.409028787956
	2.12363973193796	2.78240844990711
			0	64.14354069334
			1	-53.08759186434
			2	11.307108554825
			3	-1.462024695652
			4	9.4029254785507
			5	9.4129802912135
	1.76842163992554	2.24109945522115
			0	194.60707881978
			1	-115.1645062413
			2	17.478383166709
			3	-2.222107230608
			4	0.4152525301699
			5	-0.193103255012
			6	8.4769544518551
			7	2.8846319370627
