X39168
	2.6829148916988	3.55029593747451
			0	11.523948470863
			1	-10.52997723362
			2	3.1978018188727
			3	-0.663395184215
			4	6.5764280883326
			5	5.0839492038578
	2.08657656784565	2.76169315080808
			0	63.938354411948
			1	-52.99142409977
			2	11.470812581835
			3	-1.519739875763
			4	8.5248304033628
			5	7.6179560424277
	1.72824913285557	2.20590273466515
			0	193.25915516654
			1	-113.2570228496
			2	16.580430415966
			3	-2.013066592593
			4	0.6378495110044
			5	-0.402180293634
			6	0.2050518497875
			7	8.2942180321551
