X39157
	2.69604955661461	3.51421738127566
			0	11.540303265248
			1	-10.54293660904
			2	3.1876091934354
			3	-0.653645168332
			4	6.1963917010540
			5	5.9060483634073
	2.12154746842389	2.7705619533056
			0	64.142171140129
			1	-53.04540389290
			2	11.256452673246
			3	-1.435751292946
			4	8.7259671050380
			5	-6.389726179275
	1.7759020881997	2.23718507093626
			0	193.22669772405
			1	-113.3555175543
			2	16.957641077280
			3	-2.112539558902
			4	0.4548671642041
			5	-0.136166745876
			6	2.0977705194285
			7	-2.032790555147
