X39697
	 2.65111020625671	3.49183326644904	
			0	11.625459169955
			1	-10.59612963137
			2	3.1184763186912
			3	-0.604244757406
			4	4.9816315604632
			5	6.3730603037798
	2.05140468746084	2.72988369714256	
			0	63.969912233406
			1	-52.94873893359
			2	11.401380342530
			3	-1.522682304445
			4	0.1128551492175
			5	-2.124268341295
	1.69558192040035	2.17108749784981
			0	194.03309164624
			1	-114.9907269846
			2	17.975081303152
			3	-2.515317682828
			4	0.5973641858023
			5	-0.162854952571
			6	0.1377743468667
			7	-0.037268325471
