X39698
	2.62051538140995	3.39541385309331
			0	11.939641070916
			1	-10.57428603516
			2	2.8878897502377
			3	-0.570977230309
			4	2.3666211282083
			5	-2.349911260009
	2.02921700905938	2.69780097060418
			0	64.086690151722
			1	-53.04329688439
			2	11.324757931224
			3	-1.461351542838
			4	8.2762126373365
			5	7.1593666711431
	1.67589963399524	2.14819244149218
			0	194.07922749834
			1	-114.8988852787
			2	17.823094538470
			3	-2.331610287961
			4	0.4931104519530
			5	-0.223687988479
			6	0.1203093063573
			7	-5.446393427181
