X39792
	2.68253504395334	3.51132359167705
			0	11.458226322705
			1	-10.49855878992
			2	3.2626128124503
			3	-0.703459496488
			4	7.5880884711300
			5	8.0904376850656
	2.1199248670986	2.75607728876435
			0	64.133378198215
			1	-53.05949554356
			2	11.273512375875
			3	-1.426300238724
			4	8.8671262212101
			5	-0.016238431613
	1.7736942390082	2.23333548936996
			0	194.79379426471
			1	-115.1257375203
			2	17.144210117464
			3	-2.179778608041
			4	0.5422487725587
			5	-0.206185571412
			6	0.1436886487492
			7	-0.112233031632
