X39740
	2.87498912398245	3.83516837836146
			0	11.537886870717
			1	-10.54089145477
			2	3.1948144410450
			3	-0.657114408664
			4	5.8782890635300
			5	7.7420808531620
	2.20451940413541	2.96284273797176
			0	64.066262870401
			1	-53.02088127067
			2	11.307224739465
			3	-1.460478143382
			4	0.1010574338989
			5	-1.479939835150
	1.8007166659773	2.33928365395928
			0	194.31374065849
			1	-115.0305675433
			2	17.644426965403
			3	-2.302184661384
			4	0.5513474693815
			5	-0.226597289245
			6	0.1133531765400
			7	-5.030197179367
