X39791
	2.55186386877678	3.15026216791018
			0	12.666029763573
			1	-10.46579691073
			2	2.3051881632532
			3	-0.632138566179
			4	-0.135617917964
			5	-9.628572327899
	2.03298835815252	2.61912674704872
			0	64.224737560271
			1	-53.09848195926
			2	11.177106282359
			3	-1.377790059540
			4	6.6335385343030
			5	-6.833916759157
	1.71281589687807	2.13837186392489
			0	194.61387152031
			1	-115.0700555548
			2	17.309108842312
			3	-2.193838506401
			4	0.4908872478024
			5	-0.196437979159
			6	0.1528640891304
			7	-8.504850807582
