X39744
	2.86595780024851	3.55219894044043
			0	13.088754616321
			1	-10.72919997413
			2	1.6148727478782
			3	-0.636611790076
			4	-9.378867492949
			5	5.7471141149046
	2.19943438277763	2.95282970265345
			0	64.103630484561
			1	-53.01990245103
			2	11.276497024736
			3	-1.455014620083
			4	9.4492617686378
			5	-0.010282241963
	1.79905851115807	2.33361940640144
			0	194.13237692589
			1	-114.9638081624
			2	17.791309172471
			3	-2.321853560528
			4	0.4851104894171
			5	-0.182737986113
			6	7.4841659964897
			7	-1.496581603475
