X39742
	2.8626294882308		3.80723602909225	
			0	11.552223176046
			1	-10.55959703968
			2	3.1850105513098
			3	-0.646361958781
			4	5.5302303315963
			5	6.5331112494641
	2.19707315022596	2.94923468687876	
			0	64.135093344801
			1	-53.03191597964
			2	11.253276842949
			3	-1.432740982016
			4	0.0824800600803
			5	-7.755241523348
	1.79550198191687	2.33123203270574	
			0	194.28004530288
			1	-114.9962209854
			2	17.698287357214
			3	-2.279057264726
			4	0.5331533771833
			5	-0.213160716176
			6	8.9744232607275
			7	-8.534197519112
