X39709
	2.85683365204522	3.79712898779655
			0	11.55443542789
			1	-10.55916206131
			2	3.1816254904030
			3	-0.639705861623
			4	5.6117711588190
			5	7.5606359744603
	2.1924149496178	2.94347664417206
			0	64.160855561491
			1	-53.09116527433
			2	11.270964368295
			3	-1.434801157620
			4	8.9066829800237
			5	-1.882039201791
	1.79036040237804	2.32684188782256
			0	194.36160522312
			1	-115.1266009243
			2	17.623579820244
			3	-2.301156835990
			4	0.5546887524262
			5	-0.229344347515
			6	9.6408576901175
			7	1.4749944265102
