X39738
	2.72827578871768	3.39851638126943	
			0	12.763345467591
			1	-10.49546239916
			2	2.2398292446125
			3	-0.580168331658
			4	-0.145165227152
			5	-0.103741133258
	2.12013276670659	2.80598240649335	
			0	64.326711979777
			1	-53.08968015960
			2	11.046621549947
			3	-1.370903582336
			4	9.1835057602273
			5	-2.570056168309
	1.74923983885901	2.24393697588549	
			0	194.17315457916
			1	-114.9829049653
			2	17.753479039252
			3	-2.326836859421
			4	0.4918833696441
			5	-0.182362405577
			6	0.1298105775308
			7	2.4499662054451
