X39707
	 2.85645392333778	3.80083667970628	
			0	11.542870066247
			1	-10.55167607170
			2	3.1895718077241
			3	-0.646630066455
			4	5.9584480996113
			5	6.0867698106419
	2.19226869648783	2.94281953429682	
			0	64.135909926399
			1	-53.04986100107
			2	11.276195124664
			3	-1.454758724066
			4	9.4285101869150
			5	1.6334745917152
	1.79407216573743	2.32584913749885	
			0	194.20169917713
			1	-114.9752179706
			2	17.805556093418
			3	-2.367436093593
			4	0.5356038647649
			5	-0.247708969992
			6	5.6482087364908
			7	-5.831362275456
