X39746
	2.86634085741124	3.81111061952426
			0	11.585855224998
			1	-10.55383575879
			2	3.1638631992465
			3	-0.643264512361
			4	4.9747940655730
			5	4.0625477287535
	2.19770223941027	2.95344125020302
			0	64.126868311774
			1	-53.03405747357
			2	11.277824057214
			3	-1.465366579121
			4	0.1083876314487
			5	-1.843372244927
	1.79300277402545	2.33243062234447
			0	194.38351373096
			1	-115.0853199874
			2	17.574266319464
			3	-2.294229747099
			4	0.5190179690031
			5	-0.182650010758
			6	0.1726088069869
			7	-5.859809449216
