X39715
	2.86174171757342	3.80741851260747
			0	11.542522988901
			1	-10.55146810623
			2	3.1907303631274
			3	-0.646061226338
			4	5.8210375525875
			5	6.8482572499652
	2.19807185207398	2.94855064660365
			0	64.097658446203
			1	-53.05293920012
			2	11.317379161518
			3	-1.467718233150
			4	0.1030169218670
			5	-6.954401205402
	1.79942864025672	2.33168605488146
			0	194.19604840382
			1	-115.0410223076
			2	17.772222031538
			3	-2.358842627859
			4	0.5651835411907
			5	-0.268349096117
			6	0.1050092888252
			7	5.1896274656625
