X39700
	2.67395148492054	3.53261465378989	
			0	11.657826475938
			1	-10.59000897625
			2	3.0965030689040
			3	-0.605692594804
			4	4.3385713106145
			5	2.2381294674169
	2.05940080153994	 2.75478776766957	
			0	63.975651092235
			1	-52.96929333020
			2	11.426727057693
			3	-1.539286776165
			4	0.1219421574847
			5	-2.016639734205
	1.69240112026951	2.18230575128245	
			0	194.09428429961
			1	-114.9495150213
			2	17.795827856757
			3	-2.454033619548
			4	0.5433774552650
			5	-0.139147140505
			6	0.1388563218414
			7	-2.872412832544
