X39704
	2.79193792300041	3.65970436856145	
			0	11.542493271231
			1	-10.55598371392
			2	3.1958584458209
			3	-0.652107518669
			4	5.5172507077441
			5	8.4475584884711
	2.1738229028222		2.87132090158163	
			0	64.312117916131
			1	-53.11069649939
			2	11.098347090205
			3	-1.362848362843
			4	6.8417708497067
			5	-5.234964451031
	1.79330393993985	2.2996959677088	
			0	194.56494122415
			1	-115.1030265375
			2	17.405025998328
			3	-2.177078386244
			4	0.4903801260471
			5	-0.191345892389
			6	0.1133395063187
			7	-6.349448455318
