X39701
	2.66407890793833	3.51857176957599	
			0	11.624307787147
			1	-10.59464341752
			2	3.1184610125177
			3	-0.603966486876
			4	4.9952368114027
			5	0.0053649316451
	2.05454373041648	2.74406429622279	
			0	63.986379961986
			1	-52.96362398518
			2	11.394270198826
			3	-1.513968257717
			4	0.1064193254235
			5	-2.024245661666
	1.69158501709383	2.17622482749654	
			0	194.10184889881
			1	-114.9504110053
			2	17.870619373731
			3	-2.447636631135
			4	0.5782699789523
			5	-0.208775197032
			6	0.1449051332229
			7	-6.536726072861
