X40284
	2.64309820679179	3.39134622639984
			0	11.594551917499
			1	-10.58384640049
			2	3.1525399239256
			3	-0.619820780492
			4	4.7671581939241
			5	9.9315198828812
	2.08745124271889	2.71306657568768
			0	64.582459202777
			1	-53.22902650825
			2	10.843817820206
			3	-1.270069780246
			4	6.3345314838643
			5	-4.045340941885
	1.73602404466108	2.20173050171765
			0	195.01724371902
			1	-115.1624742742
			2	17.023667718815
			3	-2.131181098928
			4	0.4625440327202
			5	-0.186187230207
			6	0.1339524739413
			7	-6.627468065398
