X40296
	2.69907014109822	3.4840609130953
			0	11.623320731588
			1	-10.56250283245
			2	3.1342253937421
			3	-0.628128041635
			4	4.4832892975758
			5	2.7580631495966
	2.1186193598268	2.77229833342134
			0	64.546933111849
			1	-53.23165973058
			2	10.913854157591
			3	-1.296313681860
			4	6.3340832746254
			5	4.1985219059216
	1.75472848279994	2.23786456524386
			0	194.96608735059
			1	-115.3370671838
			2	17.257654772459
			3	-2.162642411544
			4	0.3526024659476
			5	-0.114939978665
			6	4.9635714276663
			7	9.5809247034779
