X40221
	2.6291810246242	3.37636266380847
			0	11.596006840476
			1	-10.58724562681
			2	3.1518116216285
			3	-0.616900209948
			4	4.6288131712859
			5	1.1387032489517
	2.07587186727743	2.69921407004295
			0	64.568474713819
			1	-53.26020096344
			2	10.889584830179
			3	-1.264212400663
			4	5.5828183613325
			5	9.6273737115138
	1.72436657031595	2.19005915592636
			0	195.06793153527
			1	-115.2033229118
			2	16.877238743427
			3	-2.130352976021
			4	0.5323447472904
			5	-0.182674416981
			6	1.7722665238473
			7	0.0122001998195
