X40237
	2.63856191283629	3.3916559370207
			0	11.593238022760
			1	-10.58651284366
			2	3.1583964389897
			3	-0.621697250496
			4	4.6894707399979
			5	1.0171313621140
	2.08131399621188	2.70869131085372
			0	64.600537034531
			1	-53.23058758936
			2	10.822421767934
			3	-1.236191098927
			4	0.0443525794741
			5	-1.358431738344
	1.72895066862964	2.19680406190133
			0	194.86375258915
			1	-115.2125212387
			2	16.983544853096
			3	-2.061614378402
			4	0.5324974798824
			5	-0.162181911744
			6	0.0856972399747
			7	-3.076041884050
