X40289
	2.70327442740324	3.50278960046686
			0	11.571068775511
			1	-10.56876461655
			2	3.1695877898425
			3	-0.633186470187
			4	5.1955857615827
			5	8.7561076656162
	2.11847877753356	2.77733914985805
			0	64.475348753539
			1	-53.17697310956
			2	10.937581242914
			3	-1.310762702659
			4	6.4627557255150
			5	2.1532212692215
	1.75215520196062	2.2385994132136
			0	194.93361542744
			1	-115.3964114410
			2	17.248209490298
			3	-2.155570299822
			4	0.4799994118362
			5	-0.174081865166
			6	4.6874663520152
			7	0.0277548221339
