X40227
	2.57989812097053	3.29764455759146
			0	11.621449326169
			1	-10.60178084392
			2	3.1336298843793
			3	-0.605711043390
			4	4.2749172345617
			5	9.8837580250926
	2.04174775337613	2.64734314818006
			0	64.622438990880
			1	-53.22839246885
			2	10.795633647282
			3	-1.237131178522
			4	5.2694366869716
			5	-1.717671511520
	1.70049499801638	2.15323801263169
			0	194.95632242277
			1	-115.2679924976
			2	16.988130850153
			3	-2.117600260717
			4	0.5629831090304
			5	-0.147740537778
			6	5.9162523172127
			7	-5.831683297331
