X40220
	2.60051316016963	3.32942400133767
			0	11.613611727687
			1	-10.59509192168
			2	3.1354598225925
			3	-0.609026852656
			4	4.3854085790442
			5	1.0790986631092
	2.05571989808431	2.66879707157191
			0	64.599941464687
			1	-53.22253048900
			2	10.823093272542
			3	-1.246836848228
			4	0.0434715402360
			5	-4.477093351919
	1.71025812820835	2.16842443694471
			0	195.15780476707
			1	-115.4896975621
			2	17.066098834449
			3	-2.122282380512
			4	0.5365113835371
			5	-0.125554562423
			6	3.8795894576849
			7	-9.058849029236
