X40283
	2.70267828936123	3.48683130137799
			0	11.565788664705
			1	-10.56546319203
			2	3.1749893653957
			3	-0.635982862194
			4	5.2987170395807
			5	8.6192732078475
	2.12790070729258	2.7752238011798
			0	64.551827310869
			1	-53.21850810870
			2	10.862971898911
			3	-1.264785407189
			4	5.8672253476985
			5	-7.875571522815
	1.76489529935977	2.24628337445231
			0	195.03245461821
			1	-115.3131218678
			2	17.084272640454
			3	-2.100114993150
			4	0.4394132606545
			5	-0.133307206726
			6	0.1180280731215
			7	-1.473627937974
