X40223
	2.63060488260267	3.37425563532003
			0	11.594322345677
			1	-10.58307314453
			2	3.1508433905450
			3	-0.619611344834
			4	4.7083235455252
			5	1.0361522665950
	2.07875024832051	2.69981002895874
			0	64.590170151755
			1	-53.22756934912
			2	10.840140558656
			3	-1.249699812945
			4	5.1164167883950
			5	-6.635778686984
	1.72817263939174	2.19275481739449
			0	195.25635441760
			1	-115.5039493424
			2	16.968202058482
			3	-2.076223644231
			4	0.4857060670375
			5	-0.105968411526
			6	2.6352323947716
			7	0.0011302363785
