X40328
	2.63276775742007	3.3819960553726
			0	11.599404228317
			1	-10.58164765933
			2	3.1408422467631
			3	-0.618761198525
			4	4.9022457411705
			5	7.9899131943193
	2.07576047959463	2.7026410406923
			0	64.534593432923
			1	-53.17410074948
			2	10.863025484340
			3	-1.299548180479
			4	0.0746916143573
			5	-7.710636261543
	1.72460277847107	2.19040216023599
			0	194.97581894203
			1	-115.4101641489
			2	17.219114901468
			3	-2.171014305532
			4	0.4715465821266
			5	-0.119508155790
			6	1.7906522691167
			7	6.3367531682926
