X40322
	2.7210856121446	3.53305696916707
			0	11.562785540662
			1	-10.56379736285
			2	3.1771299810914
			3	-0.639216630287
			4	5.4494264344624
			5	8.3538734958606
	2.12983932435906	2.79594019596664
			0	64.488901178063
			1	-53.19345359735
			2	10.948604366043
			3	-1.317019897603
			4	7.1204183925607
			5	-1.871124062488
	1.76135212952149	2.25139270777504
			0	194.62874283019
			1	-115.0557046744
			2	17.236535925582
			3	-2.243454885789
			4	0.5543802550751
			5	-0.187351124107
			6	7.0935382903579
			7	-5.780430872550
