X40568
	2.61120597720549	3.33984863807421
			0	11.615317765063
			1	-10.59388507153
			2	3.1347307857098
			3	-0.612811930536
			4	4.4817945007258
			5	1.0254049655027
	2.06743659603	2.67952729142818
			0	64.566230180601
			1	-53.20540845440
			2	10.866898517855
			3	-1.294912471266
			4	0.0646099162756
			5	3.1327818295745
	1.72360169850022	2.17922681043863
			0	195.00446483393
			1	-115.2320527474
			2	17.082337833250
			3	-2.180804946476
			4	0.4675158634315
			5	-0.169995787496
			6	2.7139377057136
			7	-1.934490995254
