X40528
	2.63279131736453	3.38663449600224
			0	11.592210004526
			1	-10.58068085298
			2	3.1512671262275
			3	-0.623395019202
			4	4.8506197125107
			5	7.1033274177475
	2.0749753969644	2.70294843390562
			0	64.545611217680
			1	-53.21759124229
			2	10.914451769612
			3	-1.312914342336
			4	0.0594027654146
			5	1.5414465041853
	1.72594942733183	2.18992876622174
			0	194.79968494087
			1	-115.2544865677
			2	17.248697997440
			3	-2.197864147951
			4	0.5261091649004
			5	-0.194082158921
			6	6.9502618163297
			7	2.4212993588259
