X40539
	2.71231910803081	3.47834162723001
			0	11.761102631162
			1	-10.55395891849
			2	3.0350012889699
			3	-0.614539586735
			4	0.0205695990877
			5	-7.998212984319
	2.13191439067257	2.78569079015122
			0	64.538726840651
			1	-53.22958251131
			2	10.913949292589
			3	-1.283874884714
			4	5.6216230736714
			5	1.2486639563766
	1.76669066208448	2.25168867839956
			0	194.91654235464
			1	-115.3065847453
			2	17.144175838977
			3	-2.104266821613
			4	0.4114451383120
			5	-0.160019361729
			6	5.5323186622463
			7	2.0062928715648
