X40569
	2.61692388177766	3.35777126241779
			0	11.605101913281
			1	-10.59072409387
			2	3.1389884710932
			3	-0.618287975888
			4	4.6130730563115
			5	9.1565521949391
	2.06612785683003	2.68617274773686
			0	64.544553348566
			1	-53.18399882168
			2	10.863994837151
			3	-1.289719983298
			4	6.0830779781200
			5	2.3043481872699
	1.71985783979128	2.17914588662125
			0	194.96336861589
			1	-115.2590935678
			2	17.180217821729
			3	-2.134887577490
			4	0.4213735453906
			5	-0.161988830076
			6	1.7582619623478
			7	-3.324613175786
