X40532
	2.72744921588353	3.53531683950734
			0	11.584916608086
			1	-10.56584630685
			2	3.1634931565333
			3	-0.633319542756
			4	5.2127981272123
			5	9.6972022917011
	2.13658366356785	2.8025096555339
			0	62.540375254397
			1	-50.07009156125
			2	9.4197034331616
			3	-2.375340131530
			4	2.7814996889606
			5	-3.391552943547
	1.76766350822572	2.25816015868665
			0	194.63360866824
			1	-115.1644376059
			2	17.328454950873
			3	-2.229008266330
			4	0.5075907528457
			5	-0.218429559803
			6	0.1179905054524
			7	-1.490573939936
