X40538
	2.70044046530031	3.45872660974671
			0	11.770032719884
			1	-10.55904646218
			2	3.0286150311701
			3	-0.609574468265
			4	1.9010465107708
			5	-7.595186088410
	2.12466467547957	2.7732450308234
			0	64.522127097717
			1	-53.21294125705
			2	10.922815218092
			3	-1.294058386270
			4	5.9968901150334
			5	8.6290227784557
	1.76351199895659	2.24346087043564
			0	194.84741437014
			1	-115.3567424903
			2	17.284527558132
			3	-2.139983341368
			4	0.4018246376287
			5	-0.147205964057
			6	7.6811931371668
			7	5.8885581882392
