X40531
	2.71642414644493	3.52036005502795
			0	11.580769440230
			1	-10.56570537197
			2	3.1659207793698
			3	-0.633949372163
			4	5.3028217191146
			5	8.4793379292208
	2.12968283646754	2.79082322200921
			0	64.456201580374
			1	-53.16642676192
			2	10.971864247812
			3	-1.338338795314
			4	7.3580018259023
			5	5.3455299068435
	1.76454441638236	2.24972892453012
			0	194.74481017473
			1	-115.2008081495
			2	17.416181986584
			3	-2.250133707888
			4	0.4693317899594
			5	-0.158513251648
			6	8.5907540998327
			7	-6.870786832526
