X40571
	2.62883997370064	3.36586933949435
			0	11.607427642139
			1	-10.58889063149
			2	3.1403808062079
			3	-0.616844139739
			4	4.6387094047956
			5	9.7463299502994
	2.08020020748339	2.69783193977719
			0	64.565225622139
			1	-53.21190942692
			2	10.868726766453
			3	-1.287133643199
			4	5.2980556711075
			5	1.3314507241923
	1.73280236733008	2.19299289807329
			0	195.11237523072
			1	-115.3234635496
			2	17.097214357370
			3	-2.162192673775
			4	0.4437287648841
			5	-0.150668226259
			6	-9.120584486229
			7	-3.200910877532
