X40567
	2.63132221043017	3.3752947440824
			0	11.598343925662
			1	-10.58671673814
			2	3.1506223115700
			3	-0.620610211106
			4	0.0463948225107
			5	9.9297689990699
	2.08010657351356	2.70076435841545
			0	64.599018648174
			1	-53.28054981825
			2	10.920862913920
			3	-1.293321769520
			4	3.7650114543757
			5	3.8962151138121
	1.7342756406532	2.19375823367582
			0	194.82600983608
			1	-115.0589456352
			2	17.219717615472
			3	-2.298756720796
			4	0.5290857637354
			5	-0.195467579496
			6	6.3442454690559
			7	-0.128769356821
