X40617
	2.56452209603026	3.27762085186521
			0	11.624040368693
			1	-10.59531619882
			2	3.1201519148049
			3	-0.605524857231
			4	4.4799316852482
			5	9.2942854468988
	2.02936092588837	2.63169458281406
			0	64.545530475782
			1	-53.18552298291
			2	10.854837021559
			3	-1.293354089133
			4	7.0067036229081
			5	-3.493326944903
	1.69342450786473	2.13966645035326
			0	194.65523202283
			1	-115.1685303850
			2	17.358462746374
			3	-2.255699599134
			4	0.5190414570950
			5	-0.183084258778
			6	6.2949706792740
			7	2.0836434240365
