X40614
	2.6282061506937	3.36293415109859
			0	11.630049721444
			1	-10.58388396668
			2	3.1261685877204
			3	-0.611484718486
			4	4.4253497938874
			5	1.0602596286569
	2.07876770945151	2.69722843579841
			0	64.569038168821
			1	-53.19870765273
			2	10.840002304305
			3	-1.271828483985
			4	5.8401455843824
			5	3.3167367754554
	1.73184346583783	2.1923474349853
			0	194.81463259744
			1	-115.2706115539
			2	17.211264412883
			3	-2.113430818294
			4	0.3952877739984
			5	-0.168740996231
			6	0.1087223173826
			7	2.0570446823087
