X40615
	2.67926696887148	3.4502618920975
			0	11.610901690371
			1	-10.57359145040
			2	3.1432818347582
			3	-0.622376111171
			4	4.6960043248105
			5	1.1174298722634
	2.10943547949516	2.75133033077032
			0	64.507851911704
			1	-53.17818719151
			2	10.891434624551
			3	-1.287333097956
			4	6.2117714845908
			5	2.1148809384942
	1.75106051569568	2.2267764480435
			0	194.84249876422
			1	-115.2702148847
			2	17.211728412750
			3	-2.148088229556
			4	0.4677186139773
			5	-0.208425890678
			6	0.1324043006862
			7	-2.942521699995
