X40616
	2.63933602399647	3.38188494831023
			0	11.626424094546
			1	-10.58235438672
			2	3.1302241234445
			3	-0.613766159286
			4	0.0441457627010
			5	1.1192519147659
	2.08586530787019	2.70905460949553
			0	64.526278139754
			1	-53.16082880136
			2	10.849141066844
			3	-1.286036591047
			4	7.3771925697412
			5	-1.353238207763
	1.73610036390236	2.19994420774699
			0	194.78965184614
			1	-115.1935171400
			2	17.161296152429
			3	-2.171964046462
			4	0.4858629071456
			5	-0.221588421072
			6	0.1767193498796
			7	-5.109364533774
