X40732
	2.61744314812353	3.47277722622861
			0	11.554543572622
			1	-10.52841330462
			2	3.1645478646324
			3	-0.665885632837
			4	7.6527806949620
			5	5.6965021581948
	2.04833053532687	2.69505464970705
			0	63.575566497098
			1	-52.81180152415
			2	11.757415724681
			3	-1.645988698663
			4	0.1340757156409
			5	-2.574154815478
	1.71534212829879	2.1602170657549
			0	194.00703071693
			1	-115.0051917476
			2	17.940173159486
			3	-2.387086469096
			4	0.5341243556724
			5	-0.224700007540
			6	0.1579620263546
			7	-0.038528575256
