X40733
	2.52347987902797	3.30233391417808
			0	11.602409540437
			1	-10.55555624124
			2	3.1232583406241
			3	-0.637820215946
			4	6.7946222092549
			5	7.4789013281409
	1.988970672588	2.59522551910523
			0	63.717058400790
			1	-52.85935282386
			2	11.627470261761
			3	-1.600544606963
			4	0.1260133186188
			5	-2.264559885592
	1.67179577963358	2.09471863739937
			0	194.20182640307
			1	-115.0686089692
			2	17.750739017104
			3	-2.365943965063
			4	0.5419255454146
			5	-0.220534624855
			6	0.1472873059886
			7	3.7749928071836
