X40898
	2.54730937970238	3.24682297902211
			0	11.625209221956
			1	-10.59700661675
			2	3.1209717513696
			3	-0.603222252364
			4	4.2106958896303
			5	8.8094931498297
	2.02009055159566	2.6132150664767
			0	64.603350279923
			1	-53.22455437264
			2	10.834100388889
			3	-1.288339472755
			4	6.6578594173494
			5	-3.378567634698
	1.68791840310022	2.12878731062889
			0	194.82408618376
			1	-115.1227049601
			2	17.119779810618
			3	-2.204299015838
			4	0.5072989601260
			5	-0.171384002343
			6	7.6199831745185
			7	-2.773929688224
