X40899
	2.66674545758318	3.43188856527265
			0	11.583287401163
			1	-10.57556533631
			2	3.1591420369363
			3	-0.627044026582
			4	4.8382906096895
			5	8.7808214555332
	2.10258986581553	2.73784836956915
			0	64.519577686600
			1	-53.19322649277
			2	10.906945081739
			3	-1.306277112180
			4	6.5716479591279
			5	6.1679331459867
	1.74910907234131	2.21855496138356
			0	194.83080516950
			1	-115.2312985477
			2	17.269499783387
			3	-2.205703592980
			4	0.4869795136293
			5	-0.150828669133
			6	1.6716564843684
			7	-3.921771646195
