X40937
	2.80899529713025	3.6707933239486
			0	11.528518351625
			1	-10.53674037957
			2	3.2021032127982
			3	-0.660019684775
			4	6.0097756785146
			5	7.8712307200669
	2.19149813034511	2.88748769585148
			0	64.455222716708
			1	-53.20203295784
			2	10.990052744792
			3	-1.311576661758
			4	5.8811150485611
			5	1.2397991584392
	1.80726090310862	2.31796209914289
			0	194.75277217349
			1	-115.1212957470
			2	17.254918219783
			3	-2.121224351084
			4	0.3873367222905
			5	-0.161790529285
			6	9.1872959909790
			7	-6.214556586421
