X40902
	2.56167229637311	3.2723532499757
			0	11.621418346313
			1	-10.59946136539
			2	3.1288312498709
			3	-0.605489299897
			4	4.4146803104134
			5	1.0888534387724
	2.02942976175983	2.62855280697453
			0	64.538167284018
			1	-53.16836992347
			2	10.853619169564
			3	-1.298463240881
			4	6.5702295666161
			5	-8.653760770692
	1.69363102430653	2.13879375752778
			0	194.92373651000
			1	-115.2583287270
			2	17.206837034159
			3	-2.281391805373
			4	0.5317785738784
			5	-0.160257641553
			6	6.7162184662616
			7	1.3876403923205
