X40901
	2.65584783051179	3.41528532825324
			0	11.587739021287
			1	-10.58066694516
			2	3.1570136685710
			3	-0.623351337050
			4	4.9569468615445
			5	1.0018265654654
	2.09584956198536	2.72656305869418
			0	64.509011953106
			1	-53.18344767226
			2	10.905018042695
			3	-1.303742396192
			4	6.6442121743799
			5	-4.273435621867
	1.74256064941166	2.21073856277033
			0	195.16916136910
			1	-115.4542932309
			2	17.099630701360
			3	-2.178405264351
			4	0.4533141671976
			5	-0.103107348255
			6	-8.002076956677
			7	4.5240001207212
