X40918
	2.680079303844	3.45888664132792
			0	11.576571146611
			1	-10.57314312116
			2	3.1652671004951
			3	-0.629797155520
			4	5.0864727612732
			5	1.0047307421067
	2.10858132638169	2.75232398749915
			0	64.498370092408
			1	-53.18256671502
			2	10.913650444075
			3	-1.299998522669
			4	6.3052917747924
			5	-2.599390102242
	1.74992266673755	2.22574075086861
			0	194.88584425665
			1	-115.1428350942
			2	17.130215211527
			3	-2.166783921336
			4	0.5250290593051
			5	-0.182486314582
			6	2.5602601632655
			7	-2.483391527377
