X40940
	2.70948274706457	3.51466248819887
			0	11.565591303717
			1	-10.56398252509
			2	3.1716723175373
			3	-0.635910464189
			4	5.3483243546958
			5	8.4029037129450
	2.1225796155192	2.78388967162643
			0	64.461899154609
			1	-53.18577383618
			2	10.972124249773
			3	-1.325998793866
			4	6.8976194110808
			5	5.8561118016213
	1.7576473457536	2.24322140632986
			0	194.72578504414
			1	-115.2929295358
			2	17.361467215701
			3	-2.200479709698
			4	0.5085913252299
			5	-0.137620805699
			6	4.3508080666517
			7	-2.224084062908
