X40912
	2.64546403625109	3.39153694336382
			0	11.618434065560
			1	-10.58420135102
			2	3.1342672072456
			3	-0.619241090254
			4	4.5790102706835
			5	6.6459228121726
	2.09053008090634	2.71534122492728
			0	64.519347905621
			1	-53.17597492177
			2	10.894100453584
			3	-1.317241838880
			4	0.0838700760409
			5	-8.958341045770
	1.74158512514666	2.20479356649298
			0	194.65554102273
			1	-114.9842055191
			2	17.060729055293
			3	-2.137736821469
			4	0.4957128032770
			5	-0.202803884099
			6	0.1437573370032
			7	-0.108362315737
