X40944
	2.74520387346186	3.56998478964976
			0	11.583564627623
			1	-10.55645571819
			2	3.1650470610112
			3	-0.638115984131
			4	5.1957713326002
			5	1.0285525787642
	2.14545137434269	2.82151248688282
			0	64.431896695799
			1	-53.15718651882
			2	10.974559709809
			3	-1.319487148985
			4	7.0003691982382
			5	-6.843003625614
	1.77196891928814	2.26850093393874
			0	194.66255246721
			1	-115.1926503527
			2	17.330228691869
			3	-2.178736711866
			4	0.4451810410214
			5	-0.177682725323
			6	0.1187358996079
			7	-3.158382811604
