X40913
	2.66461922620173	3.42896296834034
			0	11.602991728605
			1	-10.57814926900
			2	3.1458361572116
			3	-0.625357643249
			4	4.7993927536148
			5	7.2370750021134
	2.10001858954418	2.73587747730278
			0	64.502441833722
			1	-53.18231258052
			2	10.923402737787
			3	-1.318539577136
			4	7.2781235827871
			5	-3.050239293890
	1.74648279212414	2.21626732262512
			0	194.59801750308
			1	-115.0351134370
			2	17.216100142466
			3	-2.220001338162
			4	0.5335985251062
			5	-0.213828441542
			6	0.1406187703131
			7	-7.509232811256
