X40916
	2.64026252521481	3.39063385472958
			0	11.591272970707
			1	-10.58059988629
			2	3.1522891074980
			3	-0.621219009178
			4	4.8189709564747
			5	9.3084065537012
	2.0846455093222	2.71015833755121
			0	64.558894083561
			1	-53.21497059639
			2	10.868139600126
			3	-1.274494381148
			4	5.2721536424770
			5	1.7464612466776
	1.73551578502571	2.19945869202403
			0	194.66497253724
			1	-115.0738455156
			2	17.154250220352
			3	-2.151894205489
			4	0.4971847195989
			5	-0.143395754405
			6	5.4607816798932
			7	-1.732803711255
