X40910
	2.62107474058301	3.35514670205676
			0	11.600654082251
			1	-10.58615634730
			2	3.1449859610512
			3	-0.616629546580
			4	4.7096710466697
			5	9.2981081392370
	2.07394877680053	2.68971165137488
			0	64.599386468417
			1	-53.23675693065
			2	10.837515030828
			3	-1.255006825646
			4	4.6570609763531
			5	3.6630624660646
	1.72911130984076	2.18725151584392
			0	194.85928318664
			1	-115.2855299398
			2	17.177676517189
			3	-2.131423989700
			4	0.4895787476357
			5	-0.132006576077
			6	4.7433516670959
			7	-1.855976600663
