X40953
	2.71305816712163	3.49987782519153
			0	11.572838346696
			1	-10.56744318988
			2	3.1661372268857
			3	-0.634521244189
			4	5.1833531862963
			5	8.5194953353515
	2.13700710696672	2.78585258170375
			0	64.509110502630
			1	-53.21856712664
			2	10.951317771071
			3	-1.310685684097
			4	5.9507975013239
			5	8.7476387611944
	1.78053195757098	2.25561931962471
			0	193.90722119938
			1	-114.1924596200
			2	17.127920447902
			3	-2.307634608221
			4	0.6718657339069
			5	-0.279663303923
			6	0.1819229257116
			7	-0.171683009907
