X40906
	2.62777302160061	3.37783287440558
			0	11.596084174836
			1	-10.58310382531
			2	3.1489500113996
			3	-0.620192086676
			4	4.8151091412903
			5	7.9383394548776
	2.07261563942425	2.69774316312096
			0	64.509804266086
			1	-53.17805861123
			2	10.896983980243
			3	-1.304786064171
			4	7.1174011545080
			5	-0.014541959977
	1.72407924538746	2.18655130400206
			0	195.08874279247
			1	-115.5496605226
			2	17.284969072276
			3	-2.199984865381
			4	0.4781499135257
			5	-0.126105231032
			6	2.6211064588242
			7	7.2098537561873
