X40951
	2.73863571138758	3.55841979468537
			0	11.560402570281
			1	-10.55992868182
			2	3.1762149288931
			3	-0.641721998312
			4	5.4190283746243
			5	8.1637612350055
	2.14434280243705	2.81411174422442
			0	64.427219180885
			1	-53.16663407456
			2	11.005222534283
			3	-1.346007960934
			4	7.9840060884798
			5	-4.945210882201
	1.7788628376686	2.26627194822965
			0	193.83743985406
			1	-114.2758496869
			2	17.243376468688
			3	-2.284179583279
			4	0.6263318524791
			5	-0.256755017519
			6	0.1994691749045
			7	-0.160622250025
