X40942
	2.72000983075121	3.51323340623438
			0	11.569381684676
			1	-10.56826351842
			2	3.1710934784862
			3	-0.633804529068
			4	5.0744855693575
			5	8.9653219042182
	2.13957100571885	2.79330459001414
			0	64.501138283274
			1	-53.19044106640
			2	10.935948564952
			3	-1.322726484464
			4	7.7034152903065
			5	-1.895113128210
	1.77528312948519	2.25849674872553
			0	195.01523136534
			1	-115.3864874686
			2	17.231545318141
			3	-2.266136229048
			4	0.4907620709814
			5	-7.799344040400
			6	-6.098522316834
			7	0.1704846911944
