X40905
	2.63292949513604	3.39399757073669
			0	11.597870565278
			1	-10.58292729805
			2	3.1458981914528
			3	-0.619248689251
			4	4.8811044394088
			5	7.2787753999183
	2.07092310932789	2.7039317008995
			0	64.490610187010
			1	-53.19153646728
			2	10.944504363196
			3	-1.313219574191
			4	0.0599840637107
			5	-1.122155997751
	1.72245622025873	2.18620677102573
			0	194.59556590623
			1	-115.0354453841
			2	17.286094681640
			3	-2.202756917406
			4	0.5270225120439
			5	-0.176297637934
			6	5.1309662769528
			7	-3.936421054178
