X40954
	2.73527099537404	3.5598459248504
			0	11.564177711604
			1	-10.56265921082
			2	3.1739359615622
			3	-0.640113928318
			4	5.3713466070027
			5	8.3508506364772
	2.13764197344842	2.81128594971926
			0	64.438066504719
			1	-53.19346677031
			2	11.021280789093
			3	-1.334676712252
			4	5.9948447862741
			5	1.0271023499191
	1.76957773479896	2.26051330825865
			0	193.99049293796
			1	-114.4150050935
			2	17.189428275184
			3	-2.301273628141
			4	0.6810202640472
			5	-0.268628958128
			6	0.1991648063194
			7	-0.109354438476
