X40952
	2.74966787402104	3.57413914929033
			0	11.560021950997
			1	-10.55933946199
			2	3.1765688985715
			3	-0.642741785780
			4	5.4940379938030
			5	7.9715656476648
	2.15126054262388	2.8255668738814
			0	64.467992255995
			1	-53.20339564228
			2	10.989747092085
			3	-1.323045000626
			4	6.1926717565045
			5	1.2213316922514
	1.78253776345325	2.27432363494581
			0	193.94228006004
			1	-114.3300014352
			2	17.244662128344
			3	-2.321930687529
			4	0.6610680052585
			5	-0.264464270986
			6	0.1892197379059
			7	-0.197210836012
