X40904
	2.60165775699838	3.33920957032718
			0	11.606236465072
			1	-10.58788491374
			2	3.1393369756979
			3	-0.614807711380
			4	4.4754651771620
			5	9.1369113454764
	2.0526917108227	2.67068498296078
			0	64.546888600505
			1	-53.20745478484
			2	10.889872007413
			3	-1.300857415574
			4	6.0829446249829
			5	8.0964025648117
	1.70932305701625	2.16558572013779
			0	194.82451827747
			1	-115.2415168606
			2	17.306082671370
			3	-2.235634093400
			4	0.5179211362343
			5	-0.153060354740
			6	-0.035790593871
			7	1.8964996514520
