X41299
	2.83299501206245	3.80102284381113
			0	11.509260378173
			1	-10.52165107604
			2	3.2134743338174
			3	-0.676526965861
			4	0.0699294525571
			5	3.9160103822498
	2.17384499264029	2.92042442494872
			0	63.879905102657
			1	-52.93298036884
			2	11.491314207876
			3	-1.560563071951
			4	0.1163809917214
			5	-3.296801529709
	1.78687899515143	2.3046849258261
			0	193.93795832674
			1	-114.8577956711
			2	17.982659647755
			3	-2.405794060044
			4	0.5628839486631
			5	-0.253383306798
			6	9.9657213455791
			7	-0.089732071797
