X41201
	2.84783746101726	3.81883640377227
			0	11.538551590319
			1	-10.51125736010
			2	3.1951544797044
			3	-0.678100423794
			4	6.6027765809889
			5	1.1342649858656
	2.18584090220776	2.93547181043004
			0	63.889564269931
			1	-52.94895850756
			2	11.515398940550
			3	-1.559460425356
			4	0.1089415548084
			5	2.3468476212646
	1.79710639946167	2.31752610626656
			0	193.85433174701
			1	-114.8492736235
			2	18.024705943778
			3	-2.404486807462
			4	0.5011009687022
			5	-0.224272543452
			6	0.1266256682979
			7	-3.042255094000
