X41288
	2.83534440547764	3.78450971833114
			0	11.611875727679
			1	-10.51305762442
			2	3.1441941910657
			3	-0.665703011228
			4	5.1913718248154
			5	-5.128153981888
	2.17812423201642	2.92242728539829
			0	63.872421307516
			1	-52.91180077992
			2	11.486282905878
			3	-1.564550655429
			4	0.1324812875117
			5	-1.779884306553
	1.79163107853492	2.30858515676297
			0	193.98281550304
			1	-115.0001740279
			2	18.005305951906
			3	-2.333594204824
			4	0.4175709209359
			5	-0.117362118038
			6	5.7160306850183
			7	3.5076561243590
