X41281
	2.72965114584916	3.5984959826072
			0	11.592220793043
			1	-10.56033942181
			2	3.1498336249152
			3	-0.638528625639
			4	0.0530388645949
			5	5.0128683575237
	2.11157598666237	2.81021339786048
			0	64.117077625517
			1	-53.03763262395
			2	11.280633485267
			3	-1.462214899509
			4	9.4422059513736
			5	7.9281620812364
	1.74174706453913	2.23580095692914
			0	194.08012619004
			1	-114.9058293824
			2	17.946998057376
			3	-2.392754095539
			4	0.4757790037448
			5	-0.156181116748
			6	0.0663104300130
			7	-4.572119043176
