X41266
	2.71778306386696	3.57880116015117
			0	11.564196037480
			1	-10.56006842804
			2	3.1710782504341
			3	-0.641375709356
			4	5.8026946540020
			5	6.0699467770572
	2.1065267419381	2.79698961427653
			0	64.129098824750
			1	-53.00863869867
			2	11.239608561496
			3	-1.461236266433
			4	0.1037365148008
			5	-1.195586840065
	1.73828773513707	2.22920677612571
			0	194.23042920931
			1	-114.8932611617
			2	17.736130863798
			3	-2.374017818628
			4	0.5703685489056
			5	-0.240994972294
			6	0.1062150467817
			7	-0.098360161424
