X41211
	2.69270583434424	3.53709112638394
			0	11.578429768759
			1	-10.56396443178
			2	3.1571114284624
			3	-0.633027093711
			4	5.5136928136692
			5	6.9658995130608
	2.08975255195081	2.7708662547954
			0	64.150271799292
			1	-53.05438861796
			2	11.252868208843
			3	-1.451998327415
			4	9.4670416833610
			5	-5.356338664402
	1.72723494702467	2.21101168690296
			0	194.21885392138
			1	-114.9620698601
			2	17.785048002555
			3	-2.364991058142
			4	0.5219585839659
			5	-0.262370585351
			6	0.1285527171578
			7	-0.037112024411
