X41284
	2.84591010587218	3.82605619181121
			0	11.499909334398
			1	-10.52012545398
			2	3.2225697213712
			3	-0.678726729953
			4	7.2135534520681
			5	5.0656955927330
	2.18278635440719	2.93408243023235
			0	63.845663582304
			1	-52.90508238680
			2	11.505594446464
			3	-1.556762601005
			4	0.1203087375314
			5	-2.463281210479
	1.79500672916422	2.31417297409081
			0	193.78935734602
			1	-114.8366888350
			2	18.161770469902
			3	-2.429373982749
			4	0.4937589465705
			5	-0.213499311365
			6	0.1420887014833
			7	-5.815393113709
