X41252
	2.70385737214655	3.56157269407062
			0	11.559623815148
			1	-10.55516694135
			2	3.1711009455927
			3	-0.640573701243
			4	5.8101316796904
			5	6.0233442193089
	2.09760488388298	2.78264221672701
			0	64.094290969094
			1	-53.01144884829
			2	11.297409179358
			3	-1.489333921623
			4	0.1085433057245
			5	-1.891230527833
	1.73565302346861	2.219269351925
			0	194.11676941055
			1	-115.0451953874
			2	18.024023192887
			3	-2.464834443537
			4	0.5037768685304
			5	-0.162438689430
			6	0.0836752339055
			7	2.2723062753955
