X41256
	2.56628381786818	3.31718137972698
			0	11.585609082307
			1	-10.57009593314
			2	3.1497150343267
			3	-0.626319818197
			4	0.0531195735447
			5	7.0387153110448
	2.0231723444663	2.63589263554438
			0	64.265407851318
			1	-53.07085861837
			2	11.117678165754
			3	-1.410490520529
			4	9.5747107613243
			5	-1.237914065746
	1.69192776242926	2.13322105457533
			0	194.32474365628
			1	-114.9893836083
			2	17.615995786091
			3	-2.333457095721
			4	0.5233325729672
			5	-0.169423089283
			6	0.1052156092519
			7	-6.035340766069
