X41263
	2.63179373223582	3.4371117135725
			0	11.581393184710
			1	-10.56813322148
			2	3.1530547928206
			3	-0.628885361500
			4	5.4479947253542
			5	6.2836130768062
	2.05414944485297	2.70638696971001
			0	64.195493513467
			1	-53.07052627442
			2	11.224621926310
			3	-1.449489321178
			4	0.0922062755114
			5	6.5440241451412
	1.70706524953184	2.17101239569725
			0	194.07499081078
			1	-114.9157958529
			2	17.798071537549
			3	-2.390201499279
			4	0.5770460155036
			5	-0.184077455724
			6	5.8938635195035
			7	-8.848133981966
