X41265
	2.72793516398137	3.60828787329073
			0	11.546218226788
			1	-10.54810240511
			2	3.1848047203893
			3	-0.652222649042
			4	0.061747223659
			5	5.5583142714688
	2.11210098119495	2.80839356110724
			0	64.022399972061
			1	-52.96640396145
			2	11.342212467984
			3	-1.508462055443
			4	0.1135968109574
			5	-1.156227768603
	1.74473284537175	2.23501153096576
			0	194.10645639081
			1	-114.8666205762
			2	17.836019286154
			3	-2.392584342809
			4	0.5303809480636
			5	-0.167238742812
			6	1.8195652953247
			7	-4.427456173553
