X41259
	2.84699219833015	3.82430008712434
			0	11.492483204263
			1	-10.51408278862
			2	3.2279771991417
			3	-0.683163324923
			4	7.1815004191451
			5	4.1929927064614
	2.18564075938646	2.93473904433086
			0	63.864225916921
			1	-52.91418490882
			2	11.490001362553
			3	-1.560019942127
			4	0.1228855861994
			5	-1.870656512759
	1.79751419437077	2.31677734099799
			0	193.91413993220
			1	-114.8763374628
			2	18.024870358263
			3	-2.421244250011
			4	0.5477081484971
			5	-0.200041521344
			6	5.9169336769919
			7	-6.367697134956
