X41251
	2.59946668092066	3.3822017406343
			0	11.580848750724
			1	-10.56959313545
			2	3.1594373254176
			3	-0.634013764399
			4	5.4603464962923
			5	7.1622635444637
	2.03961864552368	2.67191319732638
			0	64.175479693014
			1	-53.04136857643
			2	11.222771933808
			3	-1.451732182919
			4	9.2506923969853
			5	-1.031548468379
	1.70371540366132	2.15235886563422
			0	193.91543505516
			1	-114.6508992493
			2	17.854742880712
			3	-2.445780557950
			4	0.5463530783502
			5	-0.231397234006
			6	0.1286372392041
			7	-0.113537345659
