X41244
	2.69944729218353	3.56058832568561
			0	11.543795215341
			1	-10.54642561801
			2	3.1865848856196
			3	-0.653495032308
			4	6.3606079517641
			5	5.6758635648884
	2.09764758272829	2.77818817832106
			0	64.055872467291
			1	-53.02322908178
			2	11.361028730079
			3	-1.500724072989
			4	0.1115707921854
			5	-6.816818457518
	1.73773922331053	2.2180691629487
			0	194.01328460409
			1	-114.6811676126
			2	17.680370552817
			3	-2.431590685813
			4	0.5685180087782
			5	-0.258354751655
			6	6.8459882822889
			7	4.2011315868336
