X41249
	2.81117991983125	3.74427070676576
			0	11.624789408321
			1	-10.52200343884
			2	3.1355525945746
			3	-0.658767909910
			4	5.0236975067522
			5	-5.209677291266
	2.16072075084523	2.89731268024034
			0	63.915613149667
			1	-52.95453408402
			2	11.475488181184
			3	-1.551357109407
			4	0.1133360203619
			5	-3.582382243485
	1.77764797349564	2.28997843897697
			0	194.04063613795
			1	-114.9285056997
			2	17.950409631756
			3	-2.322771091686
			4	0.4388399479217
			5	-0.209818191746
			6	0.1003033773243
			7	-5.938038940468
