X41287
	2.73972016136039	3.61837387953388
			0	11.573184340592
			1	-10.55615767975
			2	3.1604051770032
			3	-0.643487978135
			4	5.6448807719815
			5	3.6283869943951
	2.11741326353808	2.82059135444768
			0	64.103917571447
			1	-53.01440911664
			2	11.285893257701
			3	-1.471566770429
			4	9.9736209648340
			5	-7.411937726190
	1.7460028457898	2.24272802551458
			0	194.10611811498
			1	-115.1215061009
			2	17.959764355666
			3	-2.346590396841
			4	0.4846849153758
			5	-0.169090385962
			6	0.1514853628139
			7	-2.591175585524
