X41200
	2.71205555760865	3.57436765889061
			0	11.594621514643
			1	-10.53841822450
			2	3.1512061642156
			3	-0.650096875693
			4	5.5650710745798
			5	7.9166592538725
	2.1057917206941	2.79135196374627
			0	64.021270848272
			1	-52.98547092672
			2	11.372108260194
			3	-1.506171393499
			4	0.1049269093017
			5	-2.259862134533
	1.74548202505664	2.22723593196149
			0	194.08503699895
			1	-115.0659242712
			2	17.976865236727
			3	-2.359839074694
			4	0.4699587154737
			5	-0.197915674931
			6	0.1316029520508
			7	0.0198259121617
