X41240
	2.58282592580116	3.33769217035989
			0	11.646680631568
			1	-10.57898235244
			2	3.1124711269388
			3	-0.609461359509
			4	4.8741475960271
			5	7.1941038505115
	2.03035575237628	2.6538551317233
			0	64.261758535347
			1	-53.07929333201
			2	11.138040033333
			3	-1.412684335604
			4	8.9764750652908
			5	-6.706334463342
	1.69507626255148	2.14225649783648
			0	194.14253125083
			1	-114.8534726713
			2	17.700698676383
			3	-2.382683977289
			4	0.5399782804257
			5	-0.230869486672
			6	7.0366741250306
			7	-2.744909446739
