X41238
	2.80497259395282	3.74635790366864
			0	11.548277615185
			1	-10.51920670868
			2	3.1930543234442
			3	-0.666894626349
			4	6.7265035657472
			5	4.7051692487649
	2.15975019596068	2.89054719180327
			0	63.889932142231
			1	-52.92813357278
			2	11.471533119683
			3	-1.548209663777
			4	0.1153879166315
			5	-1.076525680327
	1.77875486196124	2.28810800099789
			0	194.01463315828
			1	-114.9695138125
			2	17.937987715528
			3	-2.335779155427
			4	0.4433122555313
			5	-0.145814030413
			6	3.2009561648023
			7	-2.237272365360
