X41248
	2.83268865426172	3.80076596320873
			0	11.493616691429
			1	-10.51399401623
			2	3.2246408040735
			3	-0.680283238517
			4	7.1213328521728
			5	4.2086376032807
	2.1769002616217	2.91958673520835
			0	63.852929035983
			1	-52.90057334023
			2	11.495252352414
			3	-1.575820549118
			4	0.1331916190660
			5	-1.859485350241
	1.79060235765675	2.30685599836259
			0	193.99017851059
			1	-114.9757032866
			2	18.029951990095
			3	-2.375671810778
			4	0.4339874386434
			5	-0.165916668136
			6	0.1466046015585
			7	-4.318755835110
