X41283
	2.57675268680889	3.33070139209403
			0	11.600751549430
			1	-10.58203024126
			2	3.1434605070810
			3	-0.622480024870
			4	5.1121154420214
			5	7.0455318799818
	2.02881090247419	2.64703089240758
			0	64.259090257188
			1	-53.04213311326
			2	11.102999585092
			3	-1.418734943981
			4	0.1047631380135
			5	-1.974644997534
	1.69553762332473	2.13969758891744
			0	194.11133426895
			1	-114.8294620042
			2	17.735662595862
			3	-2.359220688453
			4	0.4820081023744
			5	-0.159991511450
			6	0.1141270244131
			7	-3.547410908571
