X41280
	2.65413745361559	3.44888634324431
			0	11.753543579230
			1	-10.54266126826
			2	3.0350712028433
			3	-0.623063035895
			4	2.6603866939286
			5	-9.554634937834
	2.0738431233668	2.7298039554883
			0	64.090649783356
			1	-53.03765960928
			2	11.339327746256
			3	-1.492421088271
			4	0.1010567028213
			5	9.7630897701072
	1.73076952110584	2.19047754058747
			0	193.88862885157
			1	-114.9763452199
			2	18.152252872052
			3	-2.483608015017
			4	0.4874630772943
			5	-0.211086544227
			6	0.0925966341186
			7	0.0469625838787
