X41253
	2.71517619427056	3.55301743699109
			0	11.759521561670
			1	-10.51563522045
			2	3.0469273458522
			3	-0.626997916876
			4	3.1871953815850
			5	-1.302222273083
	2.10903785634682	2.79463557715673
			0	63.984944964774
			1	-52.95195839860
			2	11.367663940656
			3	-1.510748062897
			4	0.1118707562752
			5	-1.824342611091
	1.75027413664833	2.23025740638433
			0	193.90934244818
			1	-114.9379784712
			2	18.062272456667
			3	-2.442861231268
			4	0.5622645603370
			5	-0.221187018111
			6	0.1403763804432
			7	-0.036301167433
