X41239
	2.81849482869892	3.77044153972814
			0	11.546813629987
			1	-10.51866651576
			2	3.1940624385335
			3	-0.667230290516
			4	6.7420221316738
			5	4.5462275737428
	2.16634644414765	2.90493015702905
			0	63.898982634830
			1	-52.93792900472
			2	11.472232492398
			3	-1.542692216565
			4	0.1094595433316
			5	-6.877605180085
	1.78189303495115	2.29623836302679
			0	194.09280513999
			1	-115.1509134476
			2	18.044372228753
			3	-2.390657787268
			4	0.5372692359739
			5	-0.229975616640
			6	5.1212308963965
			7	1.8953176668871
