X41330
	2.72214572497095	3.59761573676641
			0	11.554485611934
			1	-10.54658523504
			2	3.180135486172
			3	-0.652503102062
			4	6.1693646189968
			5	5.9398057773238
	2.11018508934233	2.80224919128037
			0	64.030392985892
			1	-52.98155990646
			2	11.344084078357
			3	-1.493960834611
			4	0.1040866873125
			5	-1.223569920223
	1.74466537765778	2.23264929828773
			0	194.14449708388
			1	-115.0272187497
			2	17.909528599122
			3	-2.346922539291
			4	0.4626279103683
			5	-0.190259463274
			6	0.1029914535529
			7	2.0416986368717
