X41304
	2.61467734623952	3.39642807981194
			0	11.591027254828
			1	-10.57545328654
			2	3.1482472747949
			3	-0.625585192375
			4	5.2077398918399
			5	7.7726217941511
	2.04877244844945	2.68739291745027
			0	64.258999497767
			1	-53.08024924195
			2	11.149983380680
			3	-1.432788025834
			4	0.1094042767235
			5	-9.837444513510
	1.70547181557398	2.16346348633498
			0	194.23056153170
			1	-114.9546285865
			2	17.622687639722
			3	-2.383583906948
			4	0.5719346024458
			5	-0.162648968051
			6	6.9178288102020
			7	-1.328401164057
