X41309
	2.71824495575463	3.58883011377664
			0	11.555649759760
			1	-10.55370175271
			2	3.1758203883471
			3	-0.644734300328
			4	5.8312935956577
			5	6.6204482328531
	2.10443876263174	2.79815713366146
			0	64.073565714192
			1	-52.99440377515
			2	11.313377987589
			3	-1.512710842040
			4	0.1282536195355
			5	-1.338446327360
	1.73661789617839	2.22755736399441
			0	194.11890582664
			1	-114.8966951932
			2	17.693279219653
			3	-2.376002651520
			4	0.5217917219999
			5	-0.134328967035
			6	0.1078378350772
			7	-4.465802574083
