X41312
	2.72806215482649	3.59673198633266
			0	11.561287699374
			1	-10.55678111906
			2	3.1712982506593
			3	-0.640442908817
			4	5.7770358525857
			5	0.0064920001908
	2.11191806550195	2.80796842299432
			0	64.147712913759
			1	-53.04575273739
			2	11.251726777020
			3	-1.449169882826
			4	9.2494699887467
			5	-5.308037584134
	1.74189556742498	2.23575308569536
			0	194.25190934600
			1	-115.0022903727
			2	17.808747149419
			3	-2.356100447709
			4	0.4979322405141
			5	-0.142793999298
			6	3.7634454853922
			7	-2.325558868439
