X41332
	2.56235698062651	3.27915626807079
			0	11.853575777591
			1	-10.57747047352
			2	2.9597318140745
			3	-0.583612494033
			4	1.0563521920028
			5	-1.259020661461
	2.0140776182137	2.63265441106424
			0	64.270000510420
			1	-53.05657326108
			2	11.101761599182
			3	-1.418093506454
			4	0.1056414862254
			5	-1.692772415546
	1.67896755497042	2.12507225077904
			0	194.20991171908
			1	-114.9016872006
			2	17.707301404947
			3	-2.429542031035
			4	0.5293680434688
			5	-0.242317745293
			6	0.1303838120586
			7	5.7686510374425
