X41318
	2.54560796223135	3.23438188451715
			0	11.577882326340
			1	-10.72789717961
			2	3.1346721522628
			3	-0.501033582017
			4	6.1431916218760
			5	2.9348876336404
	2.01381333169758	2.61165936963163
			0	64.603468529233
			1	-53.14023768960
			2	10.788156008722
			3	-1.334657226904
			4	6.5987276777337
			5	-4.688420001262
	1.68222786433284	2.12304840078324
			0	194.36111522524
			1	-114.8199048479
			2	17.478778549054
			3	-2.399493097961
			4	0.6049219650952
			5	-0.231489103590
			6	0.1295965098742
			7	-2.299600156527
