X41325
	2.56075920618688	3.30329392470118
			0	11.623679479083
			1	-10.59187568493
			2	3.1201208925987
			3	-0.610873834430
			4	4.6860414934915
			5	6.8031245201332
	2.01621375430457	2.63044336492433
			0	64.369841537150
			1	-53.17799671494
			2	11.104869937232
			3	-1.359960041557
			4	0.0396176989360
			5	3.1772192169592
	1.68691927269643	2.12727025248772
			0	194.05707621184
			1	-114.6911638855
			2	17.707150583690
			3	-2.394386732948
			4	0.6398729399516
			5	-0.249633791582
			6	6.3889887629018
			7	-0.138971346056
