X41324
	2.53135322169533	3.25144328431963
			0	11.643145069216
			1	-10.60356938304
			2	3.1043625902434
			3	-0.600156822500
			4	4.3842581580619
			5	0.0075896287446
	1.9970951259457	2.59935360855617
			0	64.382358106117
			1	-53.13184115734
			2	11.035107803854
			3	-1.360686452649
			4	6.6320527848522
			5	-5.408234121450
	1.66932934194206	2.10603721757257
			0	194.3949688416
			1	-114.9908710710
			2	17.566010942233
			3	-2.323596748328
			4	0.5524187282249
			5	-0.177159461728
			6	7.4335281565671
			7	-0.064709546785
