X41320
	2.61589702873991	3.4000492653168
			0	11.597294127220
			1	-10.58315881177
			2	3.142697017851
			3	-0.622358092227
			4	5.0766615016396
			5	7.9197159568629
	2.04753972571371	2.68899531679565
			0	64.249405113306
			1	-53.05901183509
			2	11.123670432187
			3	-1.409758261269
			4	9.8440712353970
			5	-1.853372308245
	1.70199084929292	2.16247293817731
			0	194.36319226104
			1	-115.1193098537
			2	17.746287503509
			3	-2.331675125645
			4	0.4857953016007
			5	-0.163224603381
			6	9.1268314234556
			7	9.3545323465257
