X41322
	2.83273085710515	3.77358508600027
			0	11.626457609178
			1	-10.52152917326
			2	3.1295368752079
			3	-0.654775400858
			4	4.8193866454337
			5	-5.180861338121
	2.1731601225145	2.91944849222071
			0	63.962444819511
			1	-52.96889562882
			2	11.430523286089
			3	-1.529540144288
			4	0.1087558429197
			5	-3.079863529189
	1.78416072260965	2.30495535747888
			0	193.94905908411
			1	-115.0002541224
			2	18.022464596680
			3	-2.406600414157
			4	0.5213633316593
			5	-0.199086950034
			6	0.1346117823902
			7	1.8491054386228
