X42660
	2.58634069941916	3.38349562731141
			0	11.648653305109
			1	-10.60508430932
			2	3.0939260276548
			3	-0.594269293298
			4	0.0471636518062
			5	4.5311081436112
	2.00605966917856	2.66152904310601
			0	64.114759598286
			1	-53.01486586630
			2	11.273236201535
			3	-1.459461937519
			4	8.8632712532846
			5	-1.124393173991
	1.65773794368526	2.12274850460556
			0	194.05682973542
			1	-114.8941187601
			2	17.891713946251
			3	-2.428369400561
			4	0.4971240356186
			5	-0.210289583086
			6	0.1345544436192
			7	-4.307810690499
