X42659
	2.52756075620128	3.27727883235307
			0	11.674258560870
			1	-10.62060073435
			2	3.0739161467706
			3	-0.580899446641
			4	4.3085356096851
			5	5.6947101673258
	1.97428103632478	2.59904985735996
			0	64.151795672387
			1	-53.01935377800
			2	11.224208260418
			3	-1.448317883510
			4	0.0917817620133
			5	-0.012365984290
	1.64152804692596	2.08558798771944
			0	194.06072153447
			1	-114.9184914226
			2	17.975302675249
			3	-2.479070129912
			4	0.4701692122123
			5	-0.171902074071
			6	9.2049239089541
			7	5.0273689575308
