X42685
	2.5757312161446	3.35256504410456
			0	11.655169506407
			1	-10.61115774411
			2	3.0902811144147
			3	-0.587393309381
			4	4.4556069156791
			5	4.4401370805165
	2.00605936938463	2.64946387174905
			0	64.113768165049
			1	-52.97678529790
			2	11.216774576691
			3	-1.463511913809
			4	0.1092038516186
			5	-2.928869226329
	1.66273979864501	2.12059416490923
			0	194.10437774159
			1	-114.9072596002
			2	17.750000398492
			3	-2.362658206338
			4	0.5481226502149
			5	-0.172245363251
			6	4.0385551371635
			7	2.8703407803203
