X42687
	2.52248861274392	3.26491179747181
			0	11.675496702673
			1	-10.62209772367
			2	3.0725890751274
			3	-0.576264984915
			4	4.1212889839730
			5	5.0898071191341
	1.97442376568588	2.59344917379208
			0	64.098496206156
			1	-52.97306336535
			2	11.242578579486
			3	-1.478998719685
			4	0.1043092355004
			5	-1.479523564856
	1.64831179673752	2.08445612438034
			0	193.73720863746
			1	-114.7333930720
			2	18.125086387556
			3	-2.639029730834
			4	0.7072505689468
			5	-0.291601088908
			6	0.1230515631053
			7	-1.030630518096
