X42654
	2.55594188667175	3.32893393532033
			0	11.672980502631
			1	-10.62056658705
			2	3.0753554519774
			3	-0.579108109887
			4	4.3174862615787
			5	6.3308502254667
	1.98632794518214	2.62962089414739
			0	64.155890759035
			1	-53.03225506793
			2	11.241674431918
			3	-1.454801519722
			4	9.1213663546567
			5	-1.266245796036
	1.6455174696274	2.10112735005224
			0	193.86268108403
			1	-114.6718274281
			2	17.854283657491
			3	-2.479783507160
			4	0.6148840628236
			5	-0.216356066661
			6	4.0006615597964
			7	-0.021738059960
