X43035
	2.75409396958168	3.65240164943629
			0	11.601565971704
			1	-10.58724029583
			2	3.1440855470378
			3	-0.616402167919
			4	4.8000033319699
			5	8.9724609519825
	2.09614056106034	2.8381481594657
			0	64.371983113409
			1	-53.11525273141
			2	11.003071090997
			3	-1.343814491127
			4	7.3052713644639
			5	-1.332331909878
	1.69259349221972	2.23047380318463
			0	194.10151782157
			1	-114.8388853364
			2	17.753776268203
			3	-2.391626903838
			4	0.5129767042674
			5	-0.226118886067
			6	0.1163975726069
			7	2.1106094021636
