X43047
	2.6326261583979	3.43374503444204
			0	11.649230002336
			1	-10.61549296173
			2	3.1049964080797
			3	-0.589791685211
			4	3.9844928110710
			5	1.0237697510289
	2.02884861646821	2.70881685394098
			0	64.487338516415
			1	-53.14619629266
			2	10.896163757826
			3	-1.321706782820
			4	7.7345074244855
			5	-1.424231709465
	1.65913309917858	2.15271536393154
			0	193.90935541879
			1	-114.805066591
			2	18.001704431338
			3	-2.552258025829
			4	0.5694814910288
			5	-0.243395916669
			6	0.1297562337992
			7	1.4220235460781
