X43087
	2.7819059805259	3.68734081209684
			0	11.579206897079
			1	-10.57231516180
			2	3.1601712695614
			3	-0.627649164014
			4	5.1683609021808
			5	8.1751140768327
	2.12036331312126	2.86576492030779
			0	64.448763527951
			1	-53.15379688986
			2	10.946652136675
			3	-1.311185614837
			4	7.3673129688223
			5	-0.014806437671
	1.71365356193137	2.25630990447899
			0	194.26105660328
			1	-115.0199373892
			2	17.611919824678
			3	-2.334851042224
			4	0.6511616122476
			5	-0.246151468256
			6	9.3716324881847
			7	-1.863041795523
