X43052
	2.57255261539037	3.31864778377377
			0	11.663302717991
			1	-10.62254427475
			2	3.0921867625152
			3	-0.581833274519
			4	3.5849048773217
			5	9.7392672172757
	1.99649512311769	2.64368743802402
			0	64.780407654143
			1	-53.30071602855
			2	10.682896883913
			3	-1.218059753341
			4	5.2708688655428
			5	4.4541783817164
	1.63256337261203	2.1166699618447
			0	194.58996097422
			1	-115.1278719571
			2	17.446020433803
			3	-2.300981381292
			4	0.4464293845793
			5	-9.345978250008
			6	5.8288578826196
			7	-1.237734467428
