X43036
	2.72915207667009	3.59870452654221
			0	11.602288124762
			1	-10.58535519509
			2	3.1401771656782
			3	-0.616410740660
			4	0.0479118622882
			5	7.4986043075940
	2.08826175002417	2.81032233236952
			0	64.422871022358
			1	-53.13801502486
			2	10.984788575764
			3	-1.354727194130
			4	8.5471044216966
			5	-7.298465203232
	1.69905928610365	2.21903216533537
			0	194.03002886467
			1	-114.8883889837
			2	17.993007219002
			3	-2.530543625842
			4	0.5317580327196
			5	-0.128109469531
			6	5.5632356170231
			7	-4.841191222764
