X43061
	2.54368727420233	3.28342273046857
			0	11.680510539722
			1	-10.62939204986
			2	3.0733945918796
			3	-0.570921903943
			4	3.4560328598132
			5	7.8123621537582
	1.9705853472226	2.6144637172192
			0	64.734470592198
			1	-53.27016747119
			2	10.717084323099
			3	-1.238849436585
			4	0.0536457084107
			5	9.3010742717477
	1.61280504129972	2.08985115670845
			0	193.97471365610
			1	-114.5079436672
			2	17.461170118109
			3	-2.341130411348
			4	0.5735376411101
			5	-0.285818678237
			6	0.2059367903914
			7	-0.107431164617
