X43051
	2.71392684441795	3.57836316764905
			0	11.617601531614
			1	-10.59382726386
			2	3.1277098651456
			3	-0.607635410208
			4	4.6208701005759
			5	7.0563688075131
	2.07176966508575	2.79493435284675
			0	64.504059551899
			1	-53.19128834375
			2	10.926938072273
			3	-1.307095134941
			4	6.0989740971076
			5	5.0947704980743
	1.67662183081597	2.20375005053859
			0	194.39578957567
			1	-115.0637535236
			2	17.556336360754
			3	-2.280499144872
			4	0.5440060519253
			5	-0.169160952920
			6	3.2975884278670
			7	-9.940576112080
