X43041
	2.76524791979695	3.66760907283819
			0	11.596320701431
			1	-10.58294775599
			2	3.1477855474775
			3	-0.615256811719
			4	0.0533175113246
			5	0.0100248910778
	2.10395880820422	2.84935818440164
			0	64.430554677869
			1	-53.17090241040
			2	10.996545391931
			3	-1.323475868991
			4	5.9051267447016
			5	3.3887103749356
	1.69967342572205	2.23940850214251
			0	194.01698625408
			1	-114.6906349149
			2	17.680467748785
			3	-2.373086992413
			4	0.5885333640663
			5	-0.305623674640
			6	0.1735855752801
			7	-0.126600698707
