X43042
	2.79723486015352	3.653507032509
			0	11.529984803792
			1	-10.54574132643
			2	3.2049454256214
			3	-0.657293286906
			4	5.9720032762718
			5	8.3157287501189
	2.18421026128478	2.87544555395729
			0	64.391545832203
			1	-53.14076975143
			2	11.001038431968
			3	-1.330532025902
			4	7.2997844388218
			5	-1.495190465902
	1.80179028641397	2.30970873781489
			0	194.63964174007
			1	-115.1059531562
			2	17.258783538219
			3	-2.150967600810
			4	0.4764937391409
			5	-0.214813096308
			6	0.1493325117828
			7	-5.998565688892
