X43044
	2.56662249641184	3.32004161476215
			0	11.674475837079
			1	-10.62915851474
			2	3.0827246401632
			3	-0.575151142247
			4	3.5905603248995
			5	9.6590672773782
	1.98759191020582	2.63885453963595
			0	64.644487490704
			1	-53.23872129142
			2	10.788153028839
			3	-1.261898536817
			4	5.5255463880768
			5	4.4891595556411
	1.62817776050786	2.1075689624122
			0	194.18454880788
			1	-114.9716815270
			2	17.798256917958
			3	-2.409279934386
			4	0.4987791042608
			5	-0.201426040535
			6	0.1592339210984
			7	-2.308904653774
