X43038
	2.75758390403146	3.58713084285499
			0	11.546824619718
			1	-10.55427492500
			2	3.1895774663035
			3	-0.643027114457
			4	6.0958002283180
			5	1.0046816340182
	2.15782475005536	2.83371254456031
			0	64.454211876204
			1	-53.18470786994
			2	10.977922966010
			3	-1.314745358454
			4	5.6336474800763
			5	8.1694405659721
	1.78425401635501	2.2808687361653
			0	194.66695548709
			1	-115.1309731959
			2	17.314280995465
			3	-2.165916579520
			4	0.4272704923688
			5	-0.196829759000
			6	0.1171530413039
			7	-3.640719719013
