X43020
	2.79221439812412	3.64750951819466
			0	11.527004999018
			1	-10.54321290564
			2	3.206244108705
			3	-0.657970231667
			4	6.0759000240947
			5	6.8390541445793
	2.1801158639011	2.87009374809444
			0	64.421526492769
			1	-53.16373116541
			2	10.998726083814
			3	-1.324920830595
			4	6.7228704696588
			5	-5.172152016700
	1.79895019840175	2.30555816907433
			0	194.68987325120
			1	-115.1101071855
			2	17.217431892778
			3	-2.212892066477
			4	0.5295047093233
			5	-0.190511058291
			6	7.4478447357674
			7	-7.058886497510
