X43062
	2.79360965405379	3.65352101865916
			0	11.525919398658
			1	-10.54189718993
			2	3.2068793139977
			3	-0.660690820811
			4	5.9548027259661
			5	8.1517061842552
	2.17876458002318	2.8719376830956
			0	64.44064608301
			1	-53.20894534968
			2	11.031915609077
			3	-1.327290169666
			4	5.8902340298544
			5	1.0164422189298
	1.79589940381704	2.30500704385855
			0	194.79650817877
			1	-115.2983071391
			2	17.310907184629
			3	-2.172550605617
			4	0.4182041778644
			5	-0.138416817188
			6	9.4845243503789
			7	1.3818133629774
