X43060
	2.74493889707636	3.63919962970579
			0	11.603268536250
			1	-10.58618093446
			2	3.1404001704413
			3	-0.616332716382
			4	4.8097751666438
			5	7.4226602581461
	2.08822981528896	2.82836109710846
			0	64.435837865688
			1	-53.18535631931
			2	11.028818165215
			3	-1.350006475505
			4	7.0903292062738
			5	3.8541417775675
	1.68646090757199	2.22278210446765
			0	194.29077673129
			1	-115.0754665107
			2	17.736107741570
			3	-2.365291532608
			4	0.4881400037736
			5	-0.178242466917
			6	0.1357237987780
			7	-3.406585592934
