X43113
	2.77997675803818	3.63832757546773
			0	11.543635542562
			1	-10.55295424884
			2	3.1929375187955
			3	-0.649158360349
			4	5.8143433277781
			5	7.4532116345446
	2.16458505201056	2.85858143681101
			0	64.363936679967
			1	-53.13062140953
			2	11.047770932853
			3	-1.357017993218
			4	7.5139627334349
			5	-9.864653573352
	1.78621077233084	2.29010881370078
			0	194.51345572350
			1	-115.1408603441
			2	17.546959425993
			3	-2.218704626229
			4	0.4138977318675
			5	-0.148124209317
			6	8.6003562073500
			7	-3.248081929891
