X43133
	2.52740925674109	3.25490961630602
			0	11.692982642463
			1	-10.64030107354
			2	3.0662459627314
			3	-0.563658512741
			4	0.0349129580107
			5	9.6216010366674
	1.96557382085744	2.59747514248802
			0	64.626239454066
			1	-53.21330564084
			2	10.805612784651
			3	-1.291594255923
			4	7.4428034739734
			5	1.5876661493662
	1.62198437699189	2.08186706969929
			0	193.67703347370
			1	-114.6220148553
			2	17.990760425272
			3	-2.516792669106
			4	0.5770472726973
			5	-0.263379188909
			6	0.1769090506707
			7	-7.878048018223
