X43122
	2.76582424712008	3.60578861643806
			0	11.554990913597
			1	-10.55488306836
			2	3.1872084993952
			3	-0.647870997727
			4	5.4728944947694
			5	7.9121523894848
	2.16085514219225	2.84312171660636
			0	64.384007686277
			1	-53.13555944096
			2	11.018021257260
			3	-1.356821537418
			4	8.9113746442306
			5	-9.684944248799
	1.78495226190403	2.2844654760134
			0	194.64079951140
			1	-115.1437530319
			2	17.337927422793
			3	-2.209604613795
			4	0.4635318971782
			5	-0.178345384759
			6	0.1193776447454
			7	-3.124778691065
