X43130
	2.76872348683818	3.67315806996496
			0	11.589119104825
			1	-10.58076764028
			2	3.1529146838883
			3	-0.619922694392
			4	5.1036688173656
			5	7.9478672604753
	2.10871206366746	2.85284137509756
			0	64.388013945218
			1	-53.14265782146
			2	11.035013666660
			3	-1.360146537652
			4	8.2127621222211
			5	-1.669577945005
	1.70920260617912	2.24371821655011
			0	193.92709354978
			1	-114.9427068105
			2	18.055727120457
			3	-2.467821504228
			4	0.4533826094116
			5	-0.141315103231
			6	0.1058964910780
			7	-6.963610162566
