X43128
	2.81640427902298	3.69586381092418
			0	11.520563451446
			1	-10.54089768475
			2	3.2127894834760
			3	-0.661862155305
			4	6.1850458056361
			5	8.0967974706754
	2.19216575428649	2.8964071559828
			0	64.317422677596
			1	-53.08444174499
			2	11.040847271340
			3	-1.355977785647
			4	8.5737295338092
			5	-0.022090341559
	1.80810100077218	2.31925852510515
			0	194.49093789627
			1	-115.0753554520
			2	17.416115927948
			3	-2.198539851392
			4	0.5364188939927
			5	-0.177140230582
			6	2.6366481956795
			7	-4.135274638974
