X43119
	2.64525345123409	3.4539649709572
			0	11.644377401082
			1	-10.61206171947
			2	3.1091814397625
			3	-0.594217402326
			4	4.0913007439118
			5	7.5303787343945
	2.03482558879104	2.7218861610478
			0	64.560111667627
			1	-53.19464966074
			2	10.857070970206
			3	-1.292865728951
			4	7.3679527892582
			5	-1.501638628856
	1.65500360964703	2.16014420486488
			0	194.62051232817
			1	-115.1116019089
			2	17.504223532188
			3	-2.344998595909
			4	0.5546277923864
			5	-0.169458483408
			6	1.0062226652042
			7	-2.642077894440
