X43127
	2.72340921892371	3.59644285631734
			0	11.612022321170
			1	-10.59403951547
			2	3.1343267932984
			3	-0.608137963918
			4	4.6926156747848
			5	7.9291987832868
	2.07824803101048	2.80525508941619
			0	64.397348181803
			1	-53.09394711537
			2	10.956313705770
			3	-1.349028886214
			4	9.8505089959244
			5	-0.027966531548
	1.68177617573644	2.20978547968374
			0	194.36430549410
			1	-115.0842891395
			2	17.696029605901
			3	-2.392566817784
			4	0.5491136152507
			5	-0.159953970589
			6	3.4199646753299
			7	3.0905889151828
