X43118
	2.73098916205092	3.54742241492204
			0	11.563538635660
			1	-10.56543055346
			2	3.1783003410635
			3	-0.640710898633
			4	5.3718948024465
			5	7.4064372819723
	2.13845911076529	2.80629622041479
			0	64.403463230216
			1	-53.12497952650
			2	10.988764387085
			3	-1.352144552107
			4	9.2990117458907
			5	-0.024840907684
	1.76988319122479	2.25908611695397
			0	194.80191379468
			1	-115.1955990616
			2	17.302711715990
			3	-2.245444636658
			4	0.5249931311641
			5	-0.187308811432
			6	0.0345299910709
			7	4.4319548648341
