X43120
	2.78522066386425	3.62561440292609
			0	11.527135034639
			1	-10.54443064066
			2	3.2088916224329
			3	-0.661011380389
			4	5.8977552518138
			5	7.6370978277542
	2.18083055837436	2.86179885569544
			0	64.487474780714
			1	-53.19274492474
			2	10.939735621641
			3	-1.300106031428
			4	6.7545269119184
			5	-9.616795729777
	1.80064230722654	2.30469586432251
			0	195.02419535964
			1	-115.2354606723
			2	17.025601558521
			3	-2.105855316115
			4	0.5126389846025
			5	-0.231083746654
			6	7.4725903379278
			7	-4.887318055170
