X43327
	2.67444096651929	3.51234924661913
			0	11.647123898351
			1	-10.60812223346
			2	3.1092348476522
			3	-0.595760531424
			4	4.0878300219231
			5	7.8823885824694
	2.04719696004127	2.75386963697553
			0	64.464904827504
			1	-53.15017665639
			2	10.939472653984
			3	-1.343484989511
			4	9.1461576396764
			5	-1.288004077773
	1.6598913010729	2.17571977844305
			0	194.36741587709
			1	-115.0796033967
			2	17.690462837066
			3	-2.392864777227
			4	0.5444786706167
			5	-0.237169332591
			6	0.1380794466943
			7	-1.261803761647
