X43344
	2.58618563285762	3.35111205184501
			0	11.554225008844
			1	-10.54947734323
			2	3.1767531034779
			3	-0.650774158711
			4	6.4606814074667
			5	4.5570310855797
	2.05344816660188	2.65617388537229
			0	64.004816645841
			1	-52.99450999011
			2	11.397394761175
			3	-1.502682366841
			4	0.0934172003793
			5	3.3371092842284
	1.7321903175975	2.16015730030346
			0	194.58692847731
			1	-115.2760878108
			2	17.572597869954
			3	-2.234708929704
			4	0.4503725944942
			5	-0.150018477439
			6	6.0348135644165
			7	4.7330718756343
