X43341
	2.59340840561067	3.37109303768555
			0	11.552289704258
			1	-10.54846775996
			2	3.1784148326944
			3	-0.651591421466
			4	6.4353556420540
			5	4.8172953919276
	2.05356953341708	2.66445701320836
			0	64.000837688796
			1	-52.99893082753
			2	11.395609487008
			3	-1.478940557725
			4	7.6701309591452
			5	-8.310800296812
	1.72802302405882	2.1619128047816
			0	194.53200047816
			1	-115.1887935584
			2	17.449587223240
			3	-2.093515851803
			4	0.4308926751022
			5	-0.185924405521
			6	0.1367929535636
			7	-7.286568678721
