X43340
	2.56495357377955	3.287646211232
			0	11.704875942072
			1	-10.55793480018
			2	3.0609600690621
			3	-0.623207396252
			4	4.2818944003586
			5	-4.132619908293
	2.04299625528591	2.63316844639133
			0	64.055170533172
			1	-53.01750301457
			2	11.361367682392
			3	-1.489843706805
			4	8.8885413216087
			5	3.3345316490830
	1.72795055337213	2.14787630093985
			0	194.47284870459
			1	-115.1875572011
			2	17.593936013578
			3	-2.211107292579
			4	0.4306570138665
			5	-0.185234349170
			6	0.1359810512738
			7	-6.067997297947
