X43342
	2.62635120920125	3.39733063621774
			0	11.671282860987
			1	-10.54016708698
			2	3.0974180281903
			3	-0.634478798418
			4	4.5082936991265
			5	-6.367664624380
	2.07946514563436	2.69851636405546
			0	63.944723347706
			1	-52.97337707722
			2	11.462816313371
			3	-1.541327579677
			4	9.6734754438826
			5	8.5325090196527
	1.75650580035412	2.18875669967545
			0	193.88987568455
			1	-114.8591640581
			2	17.969014312973
			3	-2.391044958547
			4	0.4835991269221
			5	-0.204138175254
			6	0.1121733205140
			7	-1.219159883766
