X43321
	2.79227269051803	3.64649112531988
			0	11.526917036635
			1	-10.54410075666
			2	3.2080488022361
			3	-0.658477874838
			4	6.0195245328890
			5	7.8875564990055
	2.18251933275162	2.87007794506279
			0	64.390354229285
			1	-53.15214777154
			2	11.038061659965
			3	-1.349073626582
			4	7.3185226616558
			5	2.4144385515234
	1.80900649545473	2.30701010512295
			0	194.34447133966
			1	-114.9999865247
			2	17.626192665947
			3	-2.304018385203
			4	0.4992654452642
			5	-0.256212879179
			6	0.1581822020556
			7	-3.872581026448
