X43328
	2.75258862773368	3.65213703980056
			0	11.59863229396
			1	-10.58466277057
			2	3.1448397890810
			3	-0.616608354065
			4	4.8063919554162
			5	7.6816130217089
	2.09328482581469	2.83668328568648
			0	64.355265454964
			1	-53.09794250967
			2	11.006649542794
			3	-1.353514015423
			4	8.3052735235919
			5	-1.663167636598
	1.69002064280678	2.22756245600843
			0	194.25675624984
			1	-114.9310674551
			2	17.665691782736
			3	-2.350355539818
			4	0.5468271160465
			5	-0.171265098787
			6	8.3586962599461
			7	-0.114440891293
