X43352
	2.70909003927643	3.56668757380006
			0	11.617210135832
			1	-10.59692880280
			2	3.1325679107770
			3	-0.610458716827
			4	4.4916954281769
			5	9.0905429830819
	2.07193728432305	2.78979202679459
			0	64.508606592861
			1	-53.20344211663
			2	10.927458446999
			3	-1.305876128951
			4	6.0006061477770
			5	6.5097273239353
	1.6805854101655	2.2026942992505
			0	194.21386467284
			1	-114.8585083711
			2	17.714385078728
			3	-2.372097384394
			4	0.4887197130225
			5	-0.146081348099
			6	0.0773053608885
			7	-9.680907154970
