X43351
	2.7926762062664	3.62733519677836
			0	11.638749863779
			1	-10.5372089494
			2	3.1328342041197
			3	-0.642658581596
			4	4.1568485868228
			5	-1.881099151557
	2.18335413135	2.87045659686978
			0	64.417640708737
			1	-53.17184252229
			2	11.007916258018
			3	-1.330026437432
			4	6.7678122785607
			5	-1.582355618149
	1.80562827329263	2.30813507150923
			0	194.55503718204
			1	-115.0877996334
			2	17.390688351306
			3	-2.204056226422
			4	0.4118429033581
			5	-0.170308809948
			6	0.1029825269551
			7	-2.984613128732
