X43355
	2.82635695706451	3.72013825905357
			0	11.520552133144
			1	-10.53764648218
			2	3.2105543404150
			3	-0.665140807720
			4	6.1738516626808
			5	7.9566046398771
	2.19628625133496	2.90748880663478
			0	64.243017815979
			1	-53.06860569335
			2	11.140636344572
			3	-1.398548728677
			4	8.5047845103407
			5	-1.136456966066
	1.81318948013538	2.32391512562368
			0	194.11777472487
			1	-114.8803803552
			2	17.818149737704
			3	-2.430234645522
			4	0.4795013252706
			5	-0.188435783596
			6	0.1123573881456
			7	-2.557843903452
