X43325
	2.80940282182564	3.68391696736783
			0	11.520597485950
			1	-10.53993469128
			2	3.2131291286737
			3	-0.665745445472
			4	6.1088811055090
			5	8.3294339177558
	2.18759615180095	2.88908671556301
			0	64.361177430171
			1	-53.13761634203
			2	11.042851848932
			3	-1.351159841570
			4	7.3742651552119
			5	-3.655768204168
	1.80337871705291	2.31420935599985
			0	194.58736721186
			1	-115.0146417809
			2	17.346901288763
			3	-2.192748376996
			4	0.4444296683453
			5	-0.152826557553
			6	9.6967575150000
			7	-5.535870516674
