X43343
	2.61558669069941	3.38962674163424
			0	11.552015804564
			1	-10.54542612510
			2	3.1736257269804
			3	-0.650582001717
			4	6.3413826147155
			5	3.9569201857016
	2.07716237540303	2.68625212411876
			0	63.991359625345
			1	-52.99925007700
			2	11.421687997906
			3	-1.502340068018
			4	7.2669852910808
			5	1.1401090334226
	1.75292069538548	2.18511067738323
			0	194.45128437177
			1	-115.1826346804
			2	17.621586768107
			3	-2.281915443542
			4	0.4999710073102
			5	-0.178629852027
			6	5.4976653458673
			7	6.4523102536624
