 1  0
 2 16
 3  1
 4 17
 5  8
 6 24
 7  9
 8 25
 9  2
10 18
11  3
12 19
13 10
14 26
15 11
16 27
17  4
18 20
19  5
20 21
21 12
22 28
23 13
24 29
25  6
26 22
27  7
28 23
29 14
30 30
31 15
32 31
33 32
34 48
35 33
36 49
37 40
38 56
39 41
40 57
41 34
42 50
43 35
44 51
45 42
46 58
47 43
48 59
49 36
50 52
51 37
52 53
53 44
54 60
55 45
56 61
57 38
58 54
59 39
60 55
61 46
62 62
63 47
64 63
65 64
66 80
67 65
68 81
69 72
70 88
71 73
72 89
73 66
74 82
75 67
76 83
77 74
78 90
79 75
80 91
81 68
82 84
83 69
84 85
85 76
86 92
87 77
88 93
89 70
90 86
91 71
92 87
93 78
94 94
95 79
96 95

