X40532
	2.72744921588353	3.53531683950734
0.000000000000000	11.584916608086774
1.000000000000000	-10.565846306859024
2.000000000000000	3.163493156533377
3.000000000000000	-0.633319542756877
4.000000000000000	0.052127981272123
5.000000000000000	0.009697202291701
	2.13658366356785	2.8025096555339
0.000000000000000	62.540375254397304
1.000000000000000	-50.070091561252113
2.000000000000000	9.419703433161636
3.000000000000000	-2.375340131530049
4.000000000000000	2.781499688960648
5.000000000000000	-3.391552943547079
	1.76766350822572	2.25816015868665
0.000000000000000	194.633608668248968
1.000000000000000	-115.164437605994365
2.000000000000000	17.328454950873905
3.000000000000000	-2.229008266330082
4.000000000000000	0.507590752845717
5.000000000000000	-0.218429559803220
6.000000000000000	0.117990505452410
7.000000000000000	-0.014905739399361
