X09681
	2.80676655380917	3.75633937844402
0.000000000000000	11.902160544116962
1.000000000000000	-10.370161815952223
2.000000000000000	3.024103703573171
3.000000000000000	-0.633279800161118
4.000000000000000	0.089122485169573
5.000000000000000	-0.014615962917378
	2.1354252640776	2.8774381552664
0.000000000000000	64.604576699520393
1.000000000000000	-52.439367095191741
2.000000000000000	11.262602994650763
3.000000000000000	-1.556151248421376
4.000000000000000	0.135771848341723
5.000000000000000	0.010233957967387
	1.77232170672292	2.26767381114153
0.000000000000000	185.741098931463057
1.000000000000000	-104.656905293161699
2.000000000000000	15.739467829373725
3.000000000000000	-2.189037894559907
4.000000000000000	0.550345923269257
5.000000000000000	-0.245616707161165
6.000000000000000	0.133330760452389
7.000000000000000	-0.108312526361756
