X09676
	2.6477105237027	3.60332844847201
0.000000000000000	11.856692429481054
1.000000000000000	-10.317187310328524
2.000000000000000	3.025446570092869
3.000000000000000	-0.669904637154554
4.000000000000000	0.121257114916081
5.000000000000000	-0.021357247442052
	2.05010896291787	2.71579449800351
0.000000000000000	63.562587175083941
1.000000000000000	-52.031096151196955
2.000000000000000	12.266457532853549
3.000000000000000	-1.988758245517736
4.000000000000000	0.191587794449472
5.000000000000000	0.051597898272380
	1.75050068084888	2.16190380063611
0.000000000000000	184.381688838099535
1.000000000000000	-103.169964143310153
2.000000000000000	15.599642224464876
3.000000000000000	-2.121091302070651
4.000000000000000	0.666333598811025
5.000000000000000	-0.454758856062655
6.000000000000000	0.341799296317892
7.000000000000000	-0.444940887953656
