X09682
	2.78031010985022	3.70206847349675
0.000000000000000	11.923319819629988
1.000000000000000	-10.385284785091319
2.000000000000000	2.995125361284432
3.000000000000000	-0.610283302742073
4.000000000000000	0.082960369866924
5.000000000000000	-0.007218800562253
	2.12095541633466	2.84893017311522
0.000000000000000	64.619804495424745
1.000000000000000	-52.450503281821220
2.000000000000000	11.266210207570303
3.000000000000000	-1.557243992368135
4.000000000000000	0.112938531623058
5.000000000000000	0.022818942114684
	1.76359269471817	2.25085164236215
0.000000000000000	185.806479309327216
1.000000000000000	-104.764534095727086
2.000000000000000	15.869056686804049
3.000000000000000	-2.292257941197283
4.000000000000000	0.502992095550503
5.000000000000000	-0.140912018719424
6.000000000000000	0.043453109748706
7.000000000000000	-0.060021907150685
