X13203
	2.67685028395298	3.49754724988291
0.000000000000000	11.435810729806660
1.000000000000000	-10.492940590734452
2.000000000000000	3.289403053873401
3.000000000000000	-0.716569590273870
4.000000000000000	0.073598640989115
5.000000000000000	0.010954027521137
	2.09002899127681	2.74970198021924
0.000000000000000	64.797275391359037
1.000000000000000	-53.288931274199911
2.000000000000000	10.597668367216384
3.000000000000000	-1.179192233272103
4.000000000000000	0.078933487987798
5.000000000000000	-0.018143307074999
	1.71475169230762	2.2126234918502
0.000000000000000	194.735866079048804
1.000000000000000	-115.076155482567159
2.000000000000000	17.165284357666945
3.000000000000000	-2.220506260445797
4.000000000000000	0.489071518560047
5.000000000000000	-0.105318031442351
6.000000000000000	0.027415729434396
7.000000000000000	0.003638140913526
