X21430
	2.66022156231535	3.49003077149231
0.000000000000000	11.651618960456112
1.000000000000000	-10.613738564559487
2.000000000000000	3.097777164243317
3.000000000000000	-0.589678459728847
4.000000000000000	0.045894220399280
5.000000000000000	0.005452661128562
	2.05298046635856	2.73892168125978
0.000000000000000	64.141044783157611
1.000000000000000	-52.998073672906543
2.000000000000000	11.208350050598582
3.000000000000000	-1.453330492058510
4.000000000000000	0.106116858394109
5.000000000000000	-0.014630339289415
	1.68653626278472	2.17515701397606
0.000000000000000	194.247954516124110
1.000000000000000	-114.986996209735935
2.000000000000000	17.722651185133426
3.000000000000000	-2.322039845005093
4.000000000000000	0.532981829174471
5.000000000000000	-0.186789903007745
6.000000000000000	0.011773604130010
7.000000000000000	-0.007772053786000
