X21427
	2.76192811642902	3.67371456108621
0.000000000000000	11.614312019798009
1.000000000000000	-10.592078181341817
2.000000000000000	3.128064636421683
3.000000000000000	-0.611245159416331
4.000000000000000	0.052042728924024
5.000000000000000	0.004554225763840
	2.10916065383119	2.84728881912147
0.000000000000000	64.055069793815377
1.000000000000000	-52.995207402347241
2.000000000000000	11.328910613728988
3.000000000000000	-1.492800458182945
4.000000000000000	0.107276742071800
5.000000000000000	-0.004932263099754
	1.72080108846529	2.24035599416594
0.000000000000000	193.884754214970286
1.000000000000000	-114.809028254368968
2.000000000000000	17.872058005255109
3.000000000000000	-2.396746092478495
4.000000000000000	0.580505365914699
5.000000000000000	-0.179264718010093
6.000000000000000	0.072144053590780
7.000000000000000	-0.024007047657357
