X21434
	2.56574898183012	3.30867282639441
0.000000000000000	11.708895056106371
1.000000000000000	-10.630315581174885
2.000000000000000	3.045522573078796
3.000000000000000	-0.564620963333904
4.000000000000000	0.038678221377102
5.000000000000000	0.002925101416827
	2.00947018790393	2.63723646399743
0.000000000000000	64.173269260846581
1.000000000000000	-53.002445290488794
2.000000000000000	11.186473013707209
3.000000000000000	-1.459161898971698
4.000000000000000	0.101765376535096
5.000000000000000	-0.009052817704474
	1.67494707296194	2.12172040170118
0.000000000000000	193.848798888651458
1.000000000000000	-114.696544853963772
2.000000000000000	17.899857400171417
3.000000000000000	-2.402917562970168
4.000000000000000	0.486997586051640
5.000000000000000	-0.182596040983977
6.000000000000000	0.169660086734307
7.000000000000000	-0.095676379358880
