X21426
	2.68198233443337	3.5230048065796
0.000000000000000	11.641926454074561
1.000000000000000	-10.608217897319722
2.000000000000000	3.105476385740517
3.000000000000000	-0.596426590562535
4.000000000000000	0.047619469064465
5.000000000000000	0.005315861334787
	2.07095726439249	2.76143056466297
0.000000000000000	64.110035825676292
1.000000000000000	-53.010405261658455
2.000000000000000	11.273559767506780
3.000000000000000	-1.469645802821880
4.000000000000000	0.097936882036882
5.000000000000000	-0.006069618800579
	1.7064910197201	2.19403149330824
0.000000000000000	193.798312337023191
1.000000000000000	-114.669444433772398
2.000000000000000	17.863952216403923
3.000000000000000	-2.445111650173639
4.000000000000000	0.631500455466248
5.000000000000000	-0.229078254725938
6.000000000000000	0.120636264853762
7.000000000000000	-0.082679472435184
