X21428
	2.62267085941121	3.41293247906729
0.000000000000000	11.681747514853400
1.000000000000000	-10.620575580488062
2.000000000000000	3.071123782911040
3.000000000000000	-0.576618389444016
4.000000000000000	0.040956723979727
5.000000000000000	0.003813500572180
	2.03599935096481	2.69817918148857
0.000000000000000	64.224597822090757
1.000000000000000	-53.062283631173379
2.000000000000000	11.175617887474132
3.000000000000000	-1.431382073028459
4.000000000000000	0.084494240074958
5.000000000000000	0.004225125449915
	1.68303199084571	2.15481457114437
0.000000000000000	194.005395877635862
1.000000000000000	-114.864618714437583
2.000000000000000	17.835045979359524
3.000000000000000	-2.406541297894278
4.000000000000000	0.517341352349446
5.000000000000000	-0.146058727329316
6.000000000000000	0.089315205024139
7.000000000000000	0.031738432886130
