X21432
	2.66839214215426	3.50325462356688
0.000000000000000	11.643814464439783
1.000000000000000	-10.608296572877395
2.000000000000000	3.102720152405268
3.000000000000000	-0.593625227716020
4.000000000000000	0.047506558519642
5.000000000000000	0.004638365496291
	2.05892062582644	2.74737073831254
0.000000000000000	64.160341922984699
1.000000000000000	-53.033109009256890
2.000000000000000	11.220245870788613
3.000000000000000	-1.445187080682214
4.000000000000000	0.098906957493694
5.000000000000000	-0.008219810701578
	1.69224765533107	2.1817331431016
0.000000000000000	194.208274002293450
1.000000000000000	-114.985733678031835
2.000000000000000	17.759761145828964
3.000000000000000	-2.338521862311992
4.000000000000000	0.516879410959425
5.000000000000000	-0.156826774583681
6.000000000000000	-0.000955409958845
7.000000000000000	-0.026678369191421
