X21640
	2.58526669754192	3.34894052413703
0.000000000000000	11.697607182569291
1.000000000000000	-10.626858332913439
2.000000000000000	3.055491631424697
3.000000000000000	-0.567291750633225
4.000000000000000	0.038209026084457
5.000000000000000	0.003660203355841
	2.01263778293614	2.65859183690484
0.000000000000000	64.230212329895650
1.000000000000000	-53.025419597365591
2.000000000000000	11.124244875671916
3.000000000000000	-1.435185976518071
4.000000000000000	0.107751359224830
5.000000000000000	-0.024901717132408
	1.66564655234187	2.12860334563118
0.000000000000000	194.092634738550771
1.000000000000000	-115.011837646470866
2.000000000000000	17.881108576552840
3.000000000000000	-2.389121695858455
4.000000000000000	0.519434601895681
5.000000000000000	-0.212022087211772
6.000000000000000	0.180503334367926
7.000000000000000	-0.008786808681269
