X25764
	2.71758493356808	3.57644416099811
0.000000000000000	11.538220970387091
1.000000000000000	-10.541880892433028
2.000000000000000	3.186521674100730
3.000000000000000	-0.653067687390806
4.000000000000000	0.066625031206276
5.000000000000000	0.003445410703396
	2.12487976627158	2.79596055239389
0.000000000000000	63.889939176333861
1.000000000000000	-52.917974046418045
2.000000000000000	11.440206122785721
3.000000000000000	-1.549012766308116
4.000000000000000	0.133537210702979
5.000000000000000	-0.020537223940728
	1.773855093178	2.22391993035194
0.000000000000000	196.604354555817991
1.000000000000000	-111.158950066615802
2.000000000000000	15.981896736993832
3.000000000000000	-1.832662010485086
4.000000000000000	0.388358767111943
5.000000000000000	-0.045291754218807
6.000000000000000	-0.002272764068544
7.000000000000000	0.011775847333615
