X25758
	2.69126475049059	3.56867039644886
0.000000000000000	11.428113144488712
1.000000000000000	-10.553866285145906
2.000000000000000	3.230330793373145
3.000000000000000	-0.693831368127821
4.000000000000000	0.094615745796606
5.000000000000000	-0.002944820295555
	2.10861907041505	2.75209777011046
0.000000000000000	63.337790594792963
1.000000000000000	-50.551324573308953
2.000000000000000	10.542622669026422
3.000000000000000	-1.428544651112329
4.000000000000000	0.118912214502982
5.000000000000000	-0.012747002044342
	1.76041464192427	2.20255699772629
0.000000000000000	191.664547073896557
1.000000000000000	-107.870473593502467
2.000000000000000	15.996027187440610
3.000000000000000	-2.095160780556082
4.000000000000000	0.330195931430271
5.000000000000000	-0.051562819632508
6.000000000000000	0.027347001749923
7.000000000000000	0.008946727665303
