X25757
	2.71117589650689	3.53518086204021
0.000000000000000	11.971157435180300
1.000000000000000	-10.428389971648695
2.000000000000000	2.947530955410410
3.000000000000000	-0.579219660494295
4.000000000000000	0.081496938194849
5.000000000000000	0.006832900562085
	2.11646179253609	2.77373828972806
0.000000000000000	63.286338378601656
1.000000000000000	-50.579291057810131
2.000000000000000	10.625293751293679
3.000000000000000	-1.450261139583911
4.000000000000000	0.099806467142328
5.000000000000000	0.029461177682260
	1.75986546035896	2.21275072958907
0.000000000000000	191.646291980672544
1.000000000000000	-107.843981454743115
2.000000000000000	16.011065593465954
3.000000000000000	-2.113510389170475
4.000000000000000	0.346735256199687
5.000000000000000	-0.042499474893938
6.000000000000000	0.007680098982234
7.000000000000000	-0.003282618326249
