X25799
	2.72696932791907	3.57897402275983
0.000000000000000	11.950587306997877
1.000000000000000	-10.418031159159808
2.000000000000000	2.963734123733255
3.000000000000000	-0.588706563335138
4.000000000000000	0.085313220355451
5.000000000000000	0.006284925821735
	2.11752583033541	2.79127960777543
0.000000000000000	63.272457185196828
1.000000000000000	-50.583974159471786
2.000000000000000	10.636993907582129
3.000000000000000	-1.447418624665495
4.000000000000000	0.098049268587147
5.000000000000000	0.028770564717846
	1.75265196664594	2.21623100197757
0.000000000000000	191.595262503040118
1.000000000000000	-107.827474152770918
2.000000000000000	16.036568310994248
3.000000000000000	-2.113475283261457
4.000000000000000	0.358879848300472
5.000000000000000	-0.062586884372678
6.000000000000000	0.019947436605573
7.000000000000000	-0.003256729249731
