X25966
	2.72603976291778	3.57261293068688
0.000000000000000	11.962748061906421
1.000000000000000	-10.420917364890911
2.000000000000000	2.955608864534311
3.000000000000000	-0.583262550693277
4.000000000000000	0.080897764977568
5.000000000000000	0.004786039146437
	2.11759202467707	2.79006361734826
0.000000000000000	63.275969765751498
1.000000000000000	-50.576309395429554
2.000000000000000	10.635227771927562
3.000000000000000	-1.448421972407748
4.000000000000000	0.094489627575337
5.000000000000000	0.027338129863869
	1.75364524969898	2.21612796256377
0.000000000000000	191.573124870599912
1.000000000000000	-107.816786251548578
2.000000000000000	16.033035041267375
3.000000000000000	-2.115100097394625
4.000000000000000	0.367392905987828
5.000000000000000	-0.062285819512586
6.000000000000000	0.026668491739889
7.000000000000000	-0.006149842301967
