X25965
	2.74404404931714	3.57635534992932
0.000000000000000	11.944291453647143
1.000000000000000	-10.409514745478038
2.000000000000000	2.971103358693494
3.000000000000000	-0.593862515054980
4.000000000000000	0.083795593192884
5.000000000000000	0.004199004859788
	2.15032868707443	2.80658147679963
0.000000000000000	63.289603692549264
1.000000000000000	-50.585736842570945
2.000000000000000	10.629018807253505
3.000000000000000	-1.442674193489962
4.000000000000000	0.089635615187657
5.000000000000000	0.027548812625190
	1.79196552164023	2.24655675364903
0.000000000000000	191.850018781841044
1.000000000000000	-107.938247201302730
2.000000000000000	15.805114126199362
3.000000000000000	-2.005891320650941
4.000000000000000	0.327401950694643
5.000000000000000	-0.052528364374875
6.000000000000000	0.024344614680390
7.000000000000000	-0.005576895501036
