X25911
	2.71772106791025	3.62009424508746
0.000000000000000	11.411387200911379
1.000000000000000	-10.543672772363283
2.000000000000000	3.243943934069313
3.000000000000000	-0.703354816602384
4.000000000000000	0.097757750660192
5.000000000000000	-0.003640592120616
	2.12294216487968	2.77992090779221
0.000000000000000	63.338322389552395
1.000000000000000	-50.561991635502942
2.000000000000000	10.546846666376300
3.000000000000000	-1.419469863590463
4.000000000000000	0.113852334336547
5.000000000000000	-0.010188203392401
	1.76520936040215	2.21894287872418
0.000000000000000	191.854342811184438
1.000000000000000	-107.958246720994779
2.000000000000000	15.830914163668453
3.000000000000000	-2.010520825831273
4.000000000000000	0.307233696724499
5.000000000000000	-0.046254748321311
6.000000000000000	0.025548837240187
7.000000000000000	0.006253154826965
