X25958
	2.72373132458872	3.57722638895234
0.000000000000000	11.955232506010521
1.000000000000000	-10.420261238711998
2.000000000000000	2.957478517310699
3.000000000000000	-0.586759548716771
4.000000000000000	0.085402195004107
5.000000000000000	0.006835552452628
	2.111927429596	2.78814601218032
0.000000000000000	63.283868471042453
1.000000000000000	-50.580602904781777
2.000000000000000	10.633069125854796
3.000000000000000	-1.452810226045906
4.000000000000000	0.093625477751353
5.000000000000000	0.032647077873971
	1.74553422887884	2.21099456156241
0.000000000000000	191.615040729380126
1.000000000000000	-107.825661214204217
2.000000000000000	16.017010255158876
3.000000000000000	-2.108230699154957
4.000000000000000	0.357824150341433
5.000000000000000	-0.063786643506748
6.000000000000000	0.018256167020975
7.000000000000000	-0.007046278014316
