X25912
	2.69900699596454	3.52046212011938
0.000000000000000	11.976340578647376
1.000000000000000	-10.430769769709348
2.000000000000000	2.943315064715434
3.000000000000000	-0.576586017413605
4.000000000000000	0.080500633619485
5.000000000000000	0.006599837718911
	2.10482072752467	2.76147001761573
0.000000000000000	63.284563869363424
1.000000000000000	-50.570129641227645
2.000000000000000	10.620161906503959
3.000000000000000	-1.451302282555308
4.000000000000000	0.097322016956987
5.000000000000000	0.029528814077935
	1.7494436477771	2.20106868445599
0.000000000000000	191.530820191020012
1.000000000000000	-107.789588547406922
2.000000000000000	16.069122483718743
3.000000000000000	-2.134681835873780
4.000000000000000	0.368945562198912
5.000000000000000	-0.059226379542201
6.000000000000000	0.029115487024269
7.000000000000000	-0.010511127176178
