X26383
	2.73361872756428	3.43810399015624
0.000000000000000	12.721687952151216
1.000000000000000	-10.484823517782125
2.000000000000000	2.262631875382600
3.000000000000000	-0.603881503492464
4.000000000000000	-0.139850482375629
5.000000000000000	-0.100871909002742
	2.11515761096503	2.81414639066209
0.000000000000000	64.113512485060895
1.000000000000000	-53.023169467198507
2.000000000000000	11.263421281429167
3.000000000000000	-1.447421603461651
4.000000000000000	0.097712126128204
5.000000000000000	-0.019538772917413
	1.74331397451475	2.23965680525708
0.000000000000000	194.190424929971186
1.000000000000000	-115.010228469432306
2.000000000000000	17.783606945528447
3.000000000000000	-2.311576046288707
4.000000000000000	0.500187148717700
5.000000000000000	-0.207880730220006
6.000000000000000	0.144852669931575
7.000000000000000	-0.028000756108260
