X26396
	 2.75871942098157	 3.53744558979373
0.000000000000000	12.244088034195554
1.000000000000000	-10.584945881152176
2.000000000000000	2.575433522275194
3.000000000000000	-0.599793092694382
4.000000000000000	-0.037036568653973
5.000000000000000	-0.014252341335066
	 2.1329436129254	 2.84069069924392
0.000000000000000	64.035431097849425
1.000000000000000	-52.992895344261946
2.000000000000000	11.336098896570398
3.000000000000000	-1.484217473354799
4.000000000000000	0.103203984506514
5.000000000000000	-0.017734625118060
	1.76017389934023	 2.25844017747995
0.000000000000000	194.018443981593464
1.000000000000000	-114.944918971256712
2.000000000000000	17.925679219600411
3.000000000000000	-2.423549867597174
4.000000000000000	0.522703003344668
5.000000000000000	-0.193835926557984
6.000000000000000	0.111537094565207
7.000000000000000	-0.028617220060459
