X26384
	2.74799488588131	3.67452962092012
0.000000000000000	11.416515628934329
1.000000000000000	-10.549529249685104
2.000000000000000	3.240120471068934
3.000000000000000	-0.697309977533195
4.000000000000000	0.093797474260489
5.000000000000000	-0.002005853307841
	2.12945267299707	2.81227172393183
0.000000000000000	63.411337475862822
1.000000000000000	-50.579662776539202
2.000000000000000	10.456313230407451
3.000000000000000	-1.403279626609385
4.000000000000000	0.123423354453506
5.000000000000000	-0.015881148088486
	1.75940280643452	2.2295716296284
0.000000000000000	191.801559164014776
1.000000000000000	-108.115941094768559
2.000000000000000	16.029243607236157
3.000000000000000	-1.845357356523580
4.000000000000000	0.042176177231460
5.000000000000000	0.151410370688816
6.000000000000000	-0.081895260931836
7.000000000000000	0.003563681636219
