X26377
	2.74338940771697	3.57844438233419
0.000000000000000	11.976974269677749
1.000000000000000	-10.432116778590395
2.000000000000000	2.944409924930690
3.000000000000000	-0.573811140900213
4.000000000000000	0.077774841993174
5.000000000000000	0.006769533829595
	2.13092028105534	2.80696846584511
0.000000000000000	63.421435299863674
1.000000000000000	-50.617690732474820
2.000000000000000	10.494883956114878
3.000000000000000	-1.405445266344234
4.000000000000000	0.088143006115936
5.000000000000000	0.027076011776597
	1.76391555229125	2.23078580320298
0.000000000000000	191.350706187571518
1.000000000000000	-107.687214277813780
2.000000000000000	16.237584116874629
3.000000000000000	-2.239802377365661
4.000000000000000	0.398531625999573
5.000000000000000	-0.067256006878323
6.000000000000000	0.026433704490376
7.000000000000000	-0.012199726088593
