X26448
	2.73642436794785	3.37104498636247
0.000000000000000	13.102035547279394
1.000000000000000	-10.724445698153405
2.000000000000000	1.614462245988958
3.000000000000000	-0.630467182938619
4.000000000000000	-0.098323861745414
5.000000000000000	0.049911904197862
	2.11926644950169	2.8170116316582
0.000000000000000	64.055901227107128
1.000000000000000	-52.989917586434743
2.000000000000000	11.314278400439873
3.000000000000000	-1.477531488404202
4.000000000000000	0.091860986010291
5.000000000000000	-0.012757806780728
	1.7511169062912	2.24320084137702
0.000000000000000	194.140422004707488
1.000000000000000	-115.142100241541328
2.000000000000000	17.967242296200943
3.000000000000000	-2.306816147424224
4.000000000000000	0.441396349498072
5.000000000000000	-0.167024431962722
6.000000000000000	0.110764264693567
7.000000000000000	-0.018978780885620
