X26510
	2.73785790793948	3.62533687367932
0.000000000000000	11.515035501775607
1.000000000000000	-10.598400325267603
2.000000000000000	3.160513946402904
3.000000000000000	-0.656181419314043
4.000000000000000	0.081757027531006
5.000000000000000	-0.000215927734843
	2.12542205447659	2.80134654816204
0.000000000000000	63.492491165551058
1.000000000000000	-50.613345838104209
2.000000000000000	10.381616462208484
3.000000000000000	-1.372530981660826
4.000000000000000	0.117330048907459
5.000000000000000	-0.011817450443620
	1.75755422894438	2.2250965545933
0.000000000000000	191.476655912084141
1.000000000000000	-107.764066481200587
2.000000000000000	16.151272003361942
3.000000000000000	-2.188143932637511
4.000000000000000	0.363597408305922
5.000000000000000	-0.061778120664544
6.000000000000000	0.029839180616617
7.000000000000000	0.006221137647933
