X26527
	2.73271082379248	3.62729750207114
0.000000000000000	11.491067478249244
1.000000000000000	-10.581890243208255
2.000000000000000	3.179344054151596
3.000000000000000	-0.671948890735395
4.000000000000000	0.086917686631869
5.000000000000000	-0.001002128025795
	2.12400116926235	2.79612584876479
0.000000000000000	63.449778581823978
1.000000000000000	-50.606840490104467
2.000000000000000	10.428338756399032
3.000000000000000	-1.384152460273008
4.000000000000000	0.117105940110907
5.000000000000000	-0.009679536966927
	1.75810376181708	2.2229203856406
0.000000000000000	191.577771131210113
1.000000000000000	-107.819137541275566
2.000000000000000	16.061485988947727
3.000000000000000	-2.141056408633361
4.000000000000000	0.349777442930344
5.000000000000000	-0.057565622456982
6.000000000000000	0.029355669056304
7.000000000000000	0.007774223382063
