X28073
	2.6323511554623	3.40895440927022
0.000000000000000	11.638612756620367
1.000000000000000	-10.598075128617085
2.000000000000000	3.111151209460710
3.000000000000000	-0.598936664497013
4.000000000000000	0.043276033387002
5.000000000000000	0.006185162636077
	2.0579501278344	2.70569304718888
0.000000000000000	64.300239544979576
1.000000000000000	-53.069021361291575
2.000000000000000	11.076569885169246
3.000000000000000	-1.406917492704073
4.000000000000000	0.096207408137502
5.000000000000000	-0.011932252856517
	1.70748194574732	2.17462992119251
0.000000000000000	194.315867811417860
1.000000000000000	-115.111953185426117
2.000000000000000	17.752971276143239
3.000000000000000	-2.353043178452435
4.000000000000000	0.523170890727515
5.000000000000000	-0.212617462454515
6.000000000000000	0.142180345033665
7.000000000000000	0.002646249369590
