X33709
	2.59237978425487	3.352202317628
0.000000000000000	11.989723443081838
1.000000000000000	-10.436945053219761
2.000000000000000	2.932810432069572
3.000000000000000	-0.570463747490318
4.000000000000000	0.077352523265685
5.000000000000000	0.007414228235901
	2.0340759939858	2.65049305451685
0.000000000000000	63.428004277711089
1.000000000000000	-50.639699189102203
2.000000000000000	10.495317052878251
3.000000000000000	-1.387703829194014
4.000000000000000	0.085330405128998
5.000000000000000	0.025744602453322
	1.69432768823803	2.1252293669251
0.000000000000000	191.755871400121180
1.000000000000000	-107.839828697750661
2.000000000000000	15.879547610014631
3.000000000000000	-2.112373739221714
4.000000000000000	0.358710245157032
5.000000000000000	-0.056679140260873
6.000000000000000	0.018162887726839
7.000000000000000	0.002092801146276
