X36931
	2.85451193360953	3.81181213159069
0.000000000000000	11.541066612358229
1.000000000000000	-10.552050428208277
2.000000000000000	3.194610782310354
3.000000000000000	-0.649409575821791
4.000000000000000	0.059172144063937
5.000000000000000	0.007715564900863
	2.18251134495491	2.94194552004188
0.000000000000000	64.138692609530253
1.000000000000000	-53.034171840102857
2.000000000000000	11.241568516657473
3.000000000000000	-1.425936759057906
4.000000000000000	0.085656223661871
5.000000000000000	-0.019289042988477
	1.77758840207725	2.31834261342407
0.000000000000000	194.129699291758783
1.000000000000000	-114.987355447758304
2.000000000000000	17.742520764306580
3.000000000000000	-2.365119291765774
4.000000000000000	0.591191186272051
5.000000000000000	-0.179166814676466
6.000000000000000	0.100558470947097
7.000000000000000	-0.080291302431642
