X36923
	2.85870488587106	3.84403456760883
0.000000000000000	11.421368816613040
1.000000000000000	-10.557601385686047
2.000000000000000	3.240498508705619
3.000000000000000	-0.691804711857555
4.000000000000000	0.089615619686692
5.000000000000000	-0.000447457507120
	2.19494448271722	2.92740135803322
0.000000000000000	63.496819016389217
1.000000000000000	-50.612083849378358
2.000000000000000	10.370538985853271
3.000000000000000	-1.369881816858651
4.000000000000000	0.121146739656524
5.000000000000000	-0.015626551243700
	1.79969686939433	2.30294928212855
0.000000000000000	191.188854991067330
1.000000000000000	-107.641290147240411
2.000000000000000	16.410805614687597
3.000000000000000	-2.305173086687438
4.000000000000000	0.380140575577866
5.000000000000000	-0.051225953987898
6.000000000000000	0.020811367967153
7.000000000000000	0.005501619695140
