X36914
	2.85762778262103	3.84772186301552
0.000000000000000	11.412862025395420
1.000000000000000	-10.552911191014315
2.000000000000000	3.248065124158896
3.000000000000000	-0.696812500881531
4.000000000000000	0.090833700445117
5.000000000000000	-0.000259369659785
	2.19224308875678	2.92649026169014
0.000000000000000	63.511161964301507
1.000000000000000	-50.623443887738645
2.000000000000000	10.360008982155398
3.000000000000000	-1.361192348822501
4.000000000000000	0.119609238545670
5.000000000000000	-0.015025884470810
	1.79441554200995	2.30064264944812
0.000000000000000	191.221966560213587
1.000000000000000	-107.575858222704511
2.000000000000000	16.290278781208922
3.000000000000000	-2.282640363363341
4.000000000000000	0.443813504571452
5.000000000000000	-0.161430360078753
6.000000000000000	0.125962557248762
7.000000000000000	-0.086608637007155
