X37182
	2.72479450073952	3.57989937552032
0.000000000000000	11.626715105947145
1.000000000000000	-10.572790605136246
2.000000000000000	3.125281341641373
3.000000000000000	-0.623600712810925
4.000000000000000	0.045476629649801
5.000000000000000	0.005089209964191
	2.10829289561792	2.80455951979788
0.000000000000000	64.165213537699955
1.000000000000000	-53.032097228980632
2.000000000000000	11.215345556146898
3.000000000000000	-1.423478228611776
4.000000000000000	0.082368646346045
5.000000000000000	-0.012618964707831
	1.73797176449732	2.23269174365163
0.000000000000000	194.103068358656514
1.000000000000000	-114.913139843830521
2.000000000000000	17.767125627313348
3.000000000000000	-2.356696696266241
4.000000000000000	0.635306465022221
5.000000000000000	-0.260450061180322
6.000000000000000	0.047759114372817
7.000000000000000	-0.038587462966460
