X37133
	2.73971581987179	3.58480679682513
0.000000000000000	11.709039676018445
1.000000000000000	-10.553731995986356
2.000000000000000	3.073765790426271
3.000000000000000	-0.609799241505646
4.000000000000000	0.033019305294665
5.000000000000000	-0.003851764853657
	2.12097747302706	2.81965107461843
0.000000000000000	64.169699210900006
1.000000000000000	-53.034433239610216
2.000000000000000	11.200517393709688
3.000000000000000	-1.425469046006582
4.000000000000000	0.097406413576074
5.000000000000000	-0.023779680188799
	1.74821447163291	2.24609349357361
0.000000000000000	194.105434710168737
1.000000000000000	-114.987610669255602
2.000000000000000	17.753831242144404
3.000000000000000	-2.346077527961491
4.000000000000000	0.580312729454432
5.000000000000000	-0.229784533875516
6.000000000000000	0.119977391106178
7.000000000000000	-0.036243704981951
