X37136
	2.74384518644742	3.59410874291298
0.000000000000000	11.705939256460125
1.000000000000000	-10.552620291573705
2.000000000000000	3.077753295166184
3.000000000000000	-0.612420401465394
4.000000000000000	0.033598223339060
5.000000000000000	-0.003184963949619
	2.12282091230097	2.82415213821299
0.000000000000000	64.172020793203927
1.000000000000000	-53.044570428229306
2.000000000000000	11.214902590507238
3.000000000000000	-1.424122758980374
4.000000000000000	0.083318329472570
5.000000000000000	-0.009426515662725
	1.74869035469515	2.24854971012823
0.000000000000000	194.125427953621397
1.000000000000000	-115.008149923385318
2.000000000000000	17.755038121377098
3.000000000000000	-2.334938937996855
4.000000000000000	0.620368141444891
5.000000000000000	-0.268356461049172
6.000000000000000	0.083360889846736
7.000000000000000	-0.011496302960756
