X37785
	2.71774885197729	3.35409384776069
0.000000000000000	13.069996751977087
1.000000000000000	-10.718039992475601
2.000000000000000	1.623821588974405
3.000000000000000	-0.650290265896741
4.000000000000000	-0.087029855056454
5.000000000000000	0.059711817360921
	2.12115996478833	2.79758027261693
0.000000000000000	63.757418644772329
1.000000000000000	-52.879003683010140
2.000000000000000	11.601912555774003
3.000000000000000	-1.593888755043364
4.000000000000000	0.112557923762221
5.000000000000000	-0.009665869632311
	1.77018231401029	2.23910078463189
0.000000000000000	194.193894743605511
1.000000000000000	-115.110499679171383
2.000000000000000	17.837903610438115
3.000000000000000	-2.262543765894002
4.000000000000000	0.467587957893338
5.000000000000000	-0.209445043575490
6.000000000000000	0.130964281436197
7.000000000000000	-0.041888315029923
