X37786
	2.6419027696446	3.47293862322844
0.000000000000000	11.533910134418846
1.000000000000000	-10.533729196891567
2.000000000000000	3.188136735531946
3.000000000000000	-0.660271271759986
4.000000000000000	0.067384900665210
5.000000000000000	0.003423184652032
	2.07547637367924	2.71721634468791
0.000000000000000	63.818061908987318
1.000000000000000	-52.919486780303636
2.000000000000000	11.575857852490422
3.000000000000000	-1.573410426611889
4.000000000000000	0.099829618637819
5.000000000000000	0.002946910317136
	1.74331609206167	2.18768335340585
0.000000000000000	192.821755857878600
1.000000000000000	-112.955685556126511
2.000000000000000	16.944977354806003
3.000000000000000	-2.109295794118961
4.000000000000000	0.560083426175175
5.000000000000000	-0.262839953186318
6.000000000000000	0.166701747251015
7.000000000000000	-0.163846909101628
