X38195
	2.75831645556257	3.63633800980848
0.000000000000000	11.682505499193981
1.000000000000000	-10.538852915929716
2.000000000000000	3.097290104441148
3.000000000000000	-0.625711050387645
4.000000000000000	0.037774201084466
5.000000000000000	-0.004105812670601
	2.12586441438162	2.84057033423329
0.000000000000000	64.090510118992398
1.000000000000000	-52.999743963954891
2.000000000000000	11.272455041509673
3.000000000000000	-1.452871028151854
4.000000000000000	0.097775382851914
5.000000000000000	-0.018413782209892
	1.74626255474089	2.25340459850354
0.000000000000000	194.165225956059373
1.000000000000000	-115.111228940468678
2.000000000000000	17.808330598315308
3.000000000000000	-2.298510454080703
4.000000000000000	0.565228458155068
5.000000000000000	-0.216024017977335
6.000000000000000	0.080286841625856
7.000000000000000	-0.046074669813039
