X38219
	2.76140009053922	3.70852311218804
0.000000000000000	11.380510309390917
1.000000000000000	-10.524576454231948
2.000000000000000	3.266768491965067
3.000000000000000	-0.720078709759559
4.000000000000000	0.103072015816253
5.000000000000000	-0.004252858341278
	2.14550928385265	2.8261770702504
0.000000000000000	63.291492004368628
1.000000000000000	-50.546822041037394
2.000000000000000	10.576002887325766
3.000000000000000	-1.438225877704501
4.000000000000000	0.124980590337819
5.000000000000000	-0.015078370670362
	1.77999323493951	2.24464268987047
0.000000000000000	191.487423272119315
1.000000000000000	-107.798841349142080
2.000000000000000	16.156123775016269
3.000000000000000	-2.156591322636338
4.000000000000000	0.342813424673078
5.000000000000000	-0.055168820548334
6.000000000000000	0.027073331100490
7.000000000000000	0.005524666310626
