X38515
	2.82325383727879	3.81475159100935
0.000000000000000	11.580486585116233
1.000000000000000	-10.563046638610075
2.000000000000000	3.151832391659413
3.000000000000000	-0.630628674555545
4.000000000000000	0.057687745955073
5.000000000000000	0.002751988487196
	2.13131211235125	2.91478938358313
0.000000000000000	63.873349382617896
1.000000000000000	-52.908176033669086
2.000000000000000	11.479463183874667
3.000000000000000	-1.564831235243222
4.000000000000000	0.121179108394165
5.000000000000000	-0.009597346106717
	1.72622507650704	2.26889007906487
0.000000000000000	193.767384858607016
1.000000000000000	-114.872483611953271
2.000000000000000	18.151053951178820
3.000000000000000	-2.413662612111655
4.000000000000000	0.450052056056204
5.000000000000000	-0.124541781900055
6.000000000000000	0.067885594995340
7.000000000000000	-0.069680396282153
