X38526
	2.83111751226056	3.81996537237376
0.000000000000000	11.581016580911534
1.000000000000000	-10.565836857798109
2.000000000000000	3.149642610973198
3.000000000000000	-0.628415843364132
4.000000000000000	0.059161701023041
5.000000000000000	0.002318691499055
	2.142527711211	2.9224902474573
0.000000000000000	63.807751572636270
1.000000000000000	-52.866815583774418
2.000000000000000	11.521188084754906
3.000000000000000	-1.592655757890118
4.000000000000000	0.142003716080449
5.000000000000000	-0.027237570552524
	1.74366354359582	2.27863209579039
0.000000000000000	193.465909970864857
1.000000000000000	-114.642352320938741
2.000000000000000	18.343034997243091
3.000000000000000	-2.675154944679311
4.000000000000000	0.644775878126204
5.000000000000000	-0.175535689760025
6.000000000000000	0.061688928648154
7.000000000000000	-0.050503864314113
