X38896
	2.85875834271405	 3.8172493949762	
0.000000000000000	11.542826854536120
1.000000000000000	-10.551076781530664
2.000000000000000	3.192341739673748
3.000000000000000	-0.649654377120986
4.000000000000000	0.060125340718016
5.000000000000000	0.006263510948458
	2.18400817134625	2.94619755326059
0.000000000000000	64.188540626316382
1.000000000000000	-53.085821426396450
2.000000000000000	11.255095973470880
3.000000000000000	-1.436732176321301
4.000000000000000	0.094160950735641
5.000000000000000	-0.006054026962052
	1.77695471470902	2.32017317413322
0.000000000000000	194.314725838991649
1.000000000000000	-115.011000747650357
2.000000000000000	17.683465656704101
3.000000000000000	-2.374013750865445
4.000000000000000	0.527665473137856
5.000000000000000	-0.166168018644877
6.000000000000000	0.070331170335410
7.000000000000000	-0.004096317940382
