X38891
	2.81933689223495	3.72985509068912
0.000000000000000	11.561228673029895
1.000000000000000	-10.559367082721936
2.000000000000000	3.172315506105267
3.000000000000000	-0.636582120036904
4.000000000000000	0.055535910959078
5.000000000000000	0.005945116348455
	2.17116586674738	2.90300545420204
0.000000000000000	64.190806590084932
1.000000000000000	-53.056642746260699
2.000000000000000	11.200499433808039
3.000000000000000	-1.417463645921146
4.000000000000000	0.089104625124046
5.000000000000000	-0.011258317060253
	1.78175293398241	2.30195024544676
0.000000000000000	192.976240929023561
1.000000000000000	-113.093281684661548
2.000000000000000	16.958950211023083
3.000000000000000	-2.179818972333705
4.000000000000000	0.571188367517152
5.000000000000000	-0.216807747344883
6.000000000000000	0.063574489966315
7.000000000000000	-0.059156489576803
