X38884
	2.82414836846237	3.72870862607998
0.000000000000000	11.584898887637765
1.000000000000000	-10.572480235462908
2.000000000000000	3.154365444028474
3.000000000000000	-0.624663300152012
4.000000000000000	0.051359273706369
5.000000000000000	0.006228391458190
	2.17271826077379	2.90809463256137
0.000000000000000	64.195388070794337
1.000000000000000	-53.028276371519674
2.000000000000000	11.166762539325124
3.000000000000000	-1.432422148630061
4.000000000000000	0.095767384246645
5.000000000000000	-0.008323914585572
	1.78101680529768	2.30458155635205
0.000000000000000	193.983169774481098
1.000000000000000	-114.939498215475297
2.000000000000000	17.935545734333733
3.000000000000000	-2.389585725364070
4.000000000000000	0.520348174633031
5.000000000000000	-0.175561777714923
6.000000000000000	0.087696925786240
7.000000000000000	-0.065904290620743
