X38886
	2.85556159573403	3.79990264377598
0.000000000000000	11.542437780011957
1.000000000000000	-10.552336709257100
2.000000000000000	3.193303759777206
3.000000000000000	-0.648430955957932
4.000000000000000	0.061452324535689
5.000000000000000	0.005554334615356
	2.19111675299147	2.94184634625277
0.000000000000000	64.156910184803578
1.000000000000000	-53.058926986911558
2.000000000000000	11.278481217377378
3.000000000000000	-1.471317908598490
4.000000000000000	0.099538966419885
5.000000000000000	0.004880726073746
	1.79278048916226	2.32500348507878
0.000000000000000	194.113622862647872
1.000000000000000	-114.921187834178369
2.000000000000000	17.806556185324276
3.000000000000000	-2.341874713069194
4.000000000000000	0.490131753675409
5.000000000000000	-0.225526608877605
6.000000000000000	0.059352862798895
7.000000000000000	-0.004720877751206
