X38895
	2.76375596419868	3.65543887129829
0.000000000000000	11.560869208744279
1.000000000000000	-10.561087852667853
2.000000000000000	3.174610321839100
3.000000000000000	-0.637235225835062
4.000000000000000	0.056227894185980
5.000000000000000	0.006019878954895
	2.12538112243904	2.84598380414361
0.000000000000000	64.236762687333453
1.000000000000000	-53.077301742046956
2.000000000000000	11.162915138502763
3.000000000000000	-1.420485054945068
4.000000000000000	0.104161365744357
5.000000000000000	-0.011056662565022
	1.73805480743597	2.25435471623168
0.000000000000000	194.156357387482046
1.000000000000000	-114.709918090819883
2.000000000000000	17.528429602835285
3.000000000000000	-2.383959118915320
4.000000000000000	0.585132020696514
5.000000000000000	-0.240810559333613
6.000000000000000	0.142010782233020
7.000000000000000	-0.140730705368707
