X38889
	2.82372903831502	3.73101559460215
0.000000000000000	11.608447965512500
1.000000000000000	-10.562685415076064
2.000000000000000	3.140219472438671
3.000000000000000	-0.631793587193484
4.000000000000000	0.047037968208704
5.000000000000000	0.005162124136052
	2.17317924386082	2.90788701815263
0.000000000000000	64.193783671584995
1.000000000000000	-53.058722239129629
2.000000000000000	11.192869760803102
3.000000000000000	-1.399147018773529
4.000000000000000	0.077818124094611
5.000000000000000	-0.013335762342612
	1.77836458133507	2.30480437306436
0.000000000000000	194.389543732978865
1.000000000000000	-115.072615515979777
2.000000000000000	17.559116967064991
3.000000000000000	-2.277587255068636
4.000000000000000	0.636946887590368
5.000000000000000	-0.263077685552699
6.000000000000000	0.044580597010540
7.000000000000000	-0.019070943917407
