X38894
	2.80688598336225	3.70975088355446
0.000000000000000	11.572733739112421
1.000000000000000	-10.569421909080923
2.000000000000000	3.168316370427266
3.000000000000000	-0.634489320807377
4.000000000000000	0.052797733253848
5.000000000000000	0.007279585737085
	2.16094872070695	2.89042074492142
0.000000000000000	64.191502184948831
1.000000000000000	-53.043765116880081
2.000000000000000	11.191991797314284
3.000000000000000	-1.438950327194890
4.000000000000000	0.093502349821235
5.000000000000000	-0.001509259665023
	1.77018865412738	2.29116513277742
0.000000000000000	194.538884042825884
1.000000000000000	-115.274081947555359
2.000000000000000	17.711552397447342
3.000000000000000	-2.355630383644811
4.000000000000000	0.497217174960919
5.000000000000000	-0.093385671230683
6.000000000000000	0.072131461482755
7.000000000000000	-0.026400119935498
