X38892
	2.81402856816663	3.72598058576402
0.000000000000000	11.579782735392655
1.000000000000000	-10.566072413646710
2.000000000000000	3.159594204895825
3.000000000000000	-0.631945668870887
4.000000000000000	0.051223816315473
5.000000000000000	0.007995300366404
	2.16240535513084	2.89866326279447
0.000000000000000	64.151499785748086
1.000000000000000	-53.041094616937642
2.000000000000000	11.215267832562944
3.000000000000000	-1.431850871282251
4.000000000000000	0.100006991468432
5.000000000000000	-0.021401936896380
	1.76919699734539	2.29379354106083
0.000000000000000	194.077939601890904
1.000000000000000	-114.711379927239591
2.000000000000000	17.579788200060761
3.000000000000000	-2.301879446601780
4.000000000000000	0.559909575174687
5.000000000000000	-0.229188756635365
6.000000000000000	0.126848620961528
7.000000000000000	-0.098752222275517
