X38885
	2.78307404223372	3.6488750773239
0.000000000000000	11.607651229438572
1.000000000000000	-10.582356801345718
2.000000000000000	3.136041171153529
3.000000000000000	-0.615539115508211
4.000000000000000	0.046268667075297
5.000000000000000	0.007996891710139
	2.15344124089889	 2.86416826846176
0.000000000000000	64.229799899931976
1.000000000000000	-53.057240283379322
2.000000000000000	11.125541793809344
3.000000000000000	-1.401567523377359
4.000000000000000	0.100259313715573
5.000000000000000	-0.029625078442514
	1.77065587235791	2.28088563652464
0.000000000000000	194.142822689508762
1.000000000000000	-114.814175885110757
2.000000000000000	17.620807282866906
3.000000000000000	-2.356350335756163
4.000000000000000	0.568611600262805
5.000000000000000	-0.218374788894002
6.000000000000000	0.124018119297340
7.000000000000000	-0.027020681693831
