X38897
	2.85078614857325	3.79692679564056
0.000000000000000	11.541583207569504
1.000000000000000	-10.543506975122053
2.000000000000000	3.192469920872220
3.000000000000000	-0.654842896265468
4.000000000000000	0.057378967521160
5.000000000000000	0.008022624353438
	2.18374207077129	2.93748369875702
0.000000000000000	64.164426251854692
1.000000000000000	-53.051373663837694
2.000000000000000	11.203100373486242
3.000000000000000	-1.423843922017653
4.000000000000000	0.106113622584850
5.000000000000000	-0.026389020432655
	1.78021841425962	2.31847886867637
0.000000000000000	194.099419485209125
1.000000000000000	-114.800722671633494
2.000000000000000	17.642186941366425
3.000000000000000	-2.359817716795094
4.000000000000000	0.564705377566531
5.000000000000000	-0.212643038932035
6.000000000000000	0.107829287719099
7.000000000000000	-0.042180622286728
