X38888
	2.8121360426717	3.71475784019077
0.000000000000000	11.565123679592638
1.000000000000000	-10.566111386730226
2.000000000000000	3.170176986736348
3.000000000000000	-0.631645981713393
4.000000000000000	0.056484990552822
5.000000000000000	0.005826279898356
	2.16514445362845	2.89558648060079
0.000000000000000	64.191768118769460
1.000000000000000	-53.024391603925032
2.000000000000000	11.143613337238410
3.000000000000000	-1.435948380596733
4.000000000000000	0.125472966676042
5.000000000000000	-0.025099370576038
	1.77921519805496	2.27481108643821
0.000000000000000	196.230091312974565
1.000000000000000	-110.918691660152760
2.000000000000000	16.335680650895537
3.000000000000000	-2.083714082716296
4.000000000000000	0.475623323909964
5.000000000000000	-0.081876643887283
6.000000000000000	0.012652609992372
7.000000000000000	-0.024902386238717
