X38882
	2.58420315647294	3.3342189032421
0.000000000000000	11.743201092452260
1.000000000000000	-10.634208361071865
2.000000000000000	3.020435954021879
3.000000000000000	-0.560053466961704
4.000000000000000	0.031454078915082
5.000000000000000	0.003028857441837
	2.0197077332513	2.65673116813735
0.000000000000000	64.202877212705758
1.000000000000000	-53.029308436265119
2.000000000000000	11.170611920742228
3.000000000000000	-1.420152471451789
4.000000000000000	0.084333906636197
5.000000000000000	-0.016197062401994
	1.68105761866765	2.13380824708021
0.000000000000000	193.849765152167180
1.000000000000000	-114.739907859354659
2.000000000000000	17.946701283131230
3.000000000000000	-2.541622273558449
4.000000000000000	0.677589102416584
5.000000000000000	-0.212175321415713
6.000000000000000	0.027430127848577
7.000000000000000	-0.034402657439385
