X38898
	2.85288649693589	3.80531726843267
0.000000000000000	11.534447194785763
1.000000000000000	-10.546130120678511
2.000000000000000	3.196449418555288
3.000000000000000	-0.651193636748882
4.000000000000000	0.060504079167356
5.000000000000000	0.006013730791704
	2.1820789574774		2.93982848496892
0.000000000000000	64.192187701390367
1.000000000000000	-53.074950518036431
2.000000000000000	11.213538630634879
3.000000000000000	-1.420606165320457
4.000000000000000	0.089003897678784
5.000000000000000	-0.005098415632950
	1.77776803362716	2.3176481974671
0.000000000000000	194.238557374918827
1.000000000000000	-115.051124620102314
2.000000000000000	17.809083360744182
3.000000000000000	-2.365266213917616
4.000000000000000	0.517384020500897
5.000000000000000	-0.201683900515550
6.000000000000000	0.074820616334056
7.000000000000000	-0.079150664345180
