X38899
	2.82281514716412	3.74825516064194
0.000000000000000	11.544256710378436
1.000000000000000	-10.549897849247030
2.000000000000000	3.186229914721856
3.000000000000000	-0.646503912801377
4.000000000000000	0.058463000941440
5.000000000000000	0.005865681872496
	2.16595390518013	2.9073374437987
0.000000000000000	64.221930469804221
1.000000000000000	-53.064374573742739
2.000000000000000	11.168607865348054
3.000000000000000	-1.410315756984453
4.000000000000000	0.095521730853245
5.000000000000000	-0.017129570246186
	1.77285661577568	2.29866329845742
0.000000000000000	192.796610043307481
1.000000000000000	-113.043037876907107
2.000000000000000	17.147216192228946
3.000000000000000	-2.235114102887426
4.000000000000000	0.521673922947797
5.000000000000000	-0.176998362772116
6.000000000000000	0.086023259157426
7.000000000000000	-0.076929216763416
