X38904
	2.77787256831723	3.66218157411056
0.000000000000000	11.596320297956158
1.000000000000000	-10.562124405651600
2.000000000000000	3.148101791881848
3.000000000000000	-0.630401396237348
4.000000000000000	0.049855243672859
5.000000000000000	0.002226708964844
	2.13718362049159	2.85996616323683
0.000000000000000	64.237717213960735
1.000000000000000	-53.031751893771059
2.000000000000000	11.109344142985577
3.000000000000000	-1.423048558660843
4.000000000000000	0.108329122815350
5.000000000000000	-0.018926162570319
	1.7497642887967	2.26701244223561
0.000000000000000	194.037892470401260
1.000000000000000	-114.977208106623379
2.000000000000000	17.911969029459378
3.000000000000000	-2.427302164034590
4.000000000000000	0.515458161743520
5.000000000000000	-0.136862524774971
6.000000000000000	0.108157266895556
7.000000000000000	-0.047328774948864
