X38920
	2.63186189067093	3.44587154985997
0.000000000000000	11.555502607838411
1.000000000000000	-10.552077307124517
2.000000000000000	3.176037936316624
3.000000000000000	-0.646717196913521
4.000000000000000	0.060503441548533
5.000000000000000	0.006512055216651
	2.06211092355142	2.70632379500022
0.000000000000000	64.063234411417198
1.000000000000000	-53.015392391286831
2.000000000000000	11.326733014677439
3.000000000000000	-1.450261241771268
4.000000000000000	0.075465902940704
5.000000000000000	-0.007024979950383
	1.71641781350881	2.17689104271665
0.000000000000000	194.572409093604477
1.000000000000000	-115.248892416269967
2.000000000000000	17.489244462409463
3.000000000000000	-2.232168872852951
4.000000000000000	0.561206382763299
5.000000000000000	-0.148725200791905
6.000000000000000	0.070987495031950
7.000000000000000	-0.013197642876183
