X38908
	2.72723055216188	3.61115341066076
0.000000000000000	11.521921846823652
1.000000000000000	-10.533193573701212
2.000000000000000	3.201122495022623
3.000000000000000	-0.661766597239180
4.000000000000000	0.068483990074628
5.000000000000000	0.003955574173096
	2.11983984698919	2.80751756123237
0.000000000000000	63.884458324553371
1.000000000000000	-52.901635745301334
2.000000000000000	11.422496512695909
3.000000000000000	-1.544934171331091
4.000000000000000	0.138196458946816
5.000000000000000	-0.025282801548819
	1.76330749756899	2.22111349240123
0.000000000000000	196.258699496005221
1.000000000000000	-110.934753629983504
2.000000000000000	16.263702556682077
3.000000000000000	-2.008608727387021
4.000000000000000	0.452273106906440
5.000000000000000	-0.059103001730383
6.000000000000000	-0.019969409037998
7.000000000000000	-0.002570536965891
