X39161
	2.72826553415839	3.46687652255863
0.000000000000000	12.216992548114199
1.000000000000000	-10.566879120155852
2.000000000000000	2.600395472859402
3.000000000000000	-0.616317209055263
4.000000000000000	-0.035172456105147
5.000000000000000	-0.014635001760441
	2.13981979171567	2.80526010802188
0.000000000000000	64.083113233771442
1.000000000000000	-53.025517024481225
2.000000000000000	11.291916575009152
3.000000000000000	-1.445147765852534
4.000000000000000	0.086723813997025
5.000000000000000	-0.009174693571012
	1.78382099832629	2.25835051540372
0.000000000000000	194.364447450129432
1.000000000000000	-115.094074926196626
2.000000000000000	17.636164002626742
3.000000000000000	-2.251788679725855
4.000000000000000	0.450907893486298
5.000000000000000	-0.179513388219503
6.000000000000000	0.116910770670893
7.000000000000000	-0.066829151859062
