X39165
	2.7625825057676		3.6915396150651
0.000000000000000	11.507488661817456
1.000000000000000	-10.524173690352173
2.000000000000000	3.214228598274766
3.000000000000000	-0.672106379788931
4.000000000000000	0.070750172760751
5.000000000000000	0.003704214447831
	2.1325368961479		2.84630826337723
0.000000000000000	63.892299273196407
1.000000000000000	-52.967282887311903
2.000000000000000	11.512267832842275
3.000000000000000	-1.539910958426119
4.000000000000000	0.102019794353073
5.000000000000000	-0.000649115013065
	1.75914093367902	2.25807125383992
0.000000000000000	194.230941808357954
1.000000000000000	-115.082912636093312
2.000000000000000	17.763019746708444
3.000000000000000	-2.272177483808963
4.000000000000000	0.477391813786414
5.000000000000000	-0.197811174175404
6.000000000000000	0.062635255871883
7.000000000000000	-0.028789192484784
