X39167
	2.71509018213401	3.60615917202869
0.000000000000000	11.517630664472103
1.000000000000000	-10.530112569604196
2.000000000000000	3.208982682276042
3.000000000000000	-0.669129705141767
4.000000000000000	0.069341029487403
5.000000000000000	0.004499922724050
	2.10511518893585	2.79547789690507
0.000000000000000	63.971399863008457
1.000000000000000	-52.991405065952158
2.000000000000000	11.440447328409123
3.000000000000000	-1.508987209366667
4.000000000000000	0.103295677929468
5.000000000000000	-0.013747819885605
	1.73939962069882	2.22689198277037
0.000000000000000	194.437258790645728
1.000000000000000	-115.085415774037528
2.000000000000000	17.574901350522421
3.000000000000000	-2.301690533933852
4.000000000000000	0.541622687638816
5.000000000000000	-0.186699032135561
6.000000000000000	0.074325333962231
7.000000000000000	0.014235265613171
