X39164
	2.54100300981428	3.31675880112714
0.000000000000000	11.566994282566156
1.000000000000000	-10.560836890989439
2.000000000000000	3.168876998068442
3.000000000000000	-0.641087992607410
4.000000000000000	0.061747821627310
5.000000000000000	0.006260024241878
	1.99862602288506	2.61235147617394
0.000000000000000	64.024359783396790
1.000000000000000	-53.023503113585711
2.000000000000000	11.426958951033125
3.000000000000000	-1.528642646000510
4.000000000000000	0.093445894885862
5.000000000000000	0.026929099672148
	1.67336553194354	2.10726971495866
0.000000000000000	194.257630930911375
1.000000000000000	-114.890903797601197
2.000000000000000	17.613126358468502
3.000000000000000	-2.339065259425299
4.000000000000000	0.553011555698569
5.000000000000000	-0.286223691527350
6.000000000000000	0.080355479859706
7.000000000000000	-0.029005024362160
