X39169
	2.81989312581143	3.73505184400635
			0	11.561552088165
			1	-10.56506829460
			2	3.1786772849548
			3	-0.637372876866
			4	5.7616951851701
			5	6.5640241324379
	2.16873580866529	2.90412072256284
			0	64.218048080565
			1	-53.08501794589
			2	11.221301847852
			3	-1.445120619523
			4	0.0930340191190
			5	5.2989624764555
	1.77544995145712	2.30029074050143
			0	194.32640516999
			1	-115.0611872387
			2	17.698581862442
			3	-2.281537840099
			4	0.4557581689403
			5	-0.199942705039
			6	4.6030627190580
			7	-3.808855240475
