X39148
	2.70644973396554	3.5038697160998
0.000000000000000	11.773619895217328
1.000000000000000	-10.519495790190103
2.000000000000000	3.033897688351389
3.000000000000000	-0.623937841376653
4.000000000000000	0.026844745033783
5.000000000000000	-0.014090287879561
	2.12363973193796	2.78240844990711
0.000000000000000	64.143540693340014
1.000000000000000	-53.087591864345164
2.000000000000000	11.307108554825440
3.000000000000000	-1.462024695652678
4.000000000000000	0.094029254785507
5.000000000000000	0.009412980291214
	1.76842163992554	2.24109945522115
0.000000000000000	194.607078819784476
1.000000000000000	-115.164506241392530
2.000000000000000	17.478383166709140
3.000000000000000	-2.222107230608105
4.000000000000000	0.415252530169952
5.000000000000000	-0.193103255012674
6.000000000000000	0.084769544518552
7.000000000000000	0.028846319370627
