X39160
	2.7006178273512	3.41003336450287
			0	12.224579844733
			1	-10.57409547670
			2	2.5933742653502
			3	-0.610317873324
			4	-3.483951759427
			5	-1.284979989133
	2.1300973836369	2.77482718933164
			0	64.166282952846
			1	-53.06505667007
			2	11.218256549536
			3	-1.409488218366
			4	8.5284467031936
			5	-1.998208112588
	1.78051108092196	2.24547422118045
			0	194.67555193591
			1	-115.2368335297
			2	17.370068371492
			3	-2.178647220671
			4	0.4413095168612
			5	-0.146190936059
			6	9.2044006490048
			7	-5.218358652513
