X39157
	2.69604955661461	3.51421738127566
0.000000000000000	11.540303265248644
1.000000000000000	-10.542936609040936
2.000000000000000	3.187609193435401
3.000000000000000	-0.653645168332651
4.000000000000000	0.061963917010541
5.000000000000000	0.005906048363407
	2.12154746842389	2.7705619533056
0.000000000000000	64.142171140129449
1.000000000000000	-53.045403892905540
2.000000000000000	11.256452673246949
3.000000000000000	-1.435751292946365
4.000000000000000	0.087259671050381
5.000000000000000	-0.006389726179275
	1.7759020881997	2.23718507093626
0.000000000000000	193.226697724054674
1.000000000000000	-113.355517554303390
2.000000000000000	16.957641077280552
3.000000000000000	-2.112539558902159
4.000000000000000	0.454867164204173
5.000000000000000	-0.136166745876780
6.000000000000000	0.020977705194285
7.000000000000000	-0.020327905551475
