X39159
	2.78906002230065	3.66484421004759
0.000000000000000	11.729600870993851
1.000000000000000	-10.495465985025167
2.000000000000000	3.068528483139919
3.000000000000000	-0.649038411946655
4.000000000000000	0.034618579491780
5.000000000000000	-0.014895528546217
	2.16482939603903	2.87126585552534
0.000000000000000	64.048927489988173
1.000000000000000	-53.066046360645721
2.000000000000000	11.400430727833495
3.000000000000000	-1.480669688176258
4.000000000000000	0.090729089697099
5.000000000000000	0.014610514009935
	1.7875266409372	2.29018870288506
0.000000000000000	194.534040421286960
1.000000000000000	-115.162268359806120
2.000000000000000	17.576163608027674
3.000000000000000	-2.255729692729052
4.000000000000000	0.448738180437440
5.000000000000000	-0.221542172840237
6.000000000000000	0.085772684313119
7.000000000000000	0.040163705782703
