X39166
	2.62051579763548	3.41609759288434
0.000000000000000	11.561096902446126
1.000000000000000	-10.555758598059738
2.000000000000000	3.170404680339489
3.000000000000000	-0.641719709292889
4.000000000000000	0.061249761945903
5.000000000000000	0.004624075436370
	2.06214129963187	2.69355179798603
0.000000000000000	64.058596051479157
1.000000000000000	-53.019496286938164
2.000000000000000	11.347157790589815
3.000000000000000	-1.478939999346979
4.000000000000000	0.089881428596176
5.000000000000000	0.001488647357823
	1.72742412811647	2.17415785470738
0.000000000000000	194.275589501662438
1.000000000000000	-115.003118596172996
2.000000000000000	17.685212312623907
3.000000000000000	-2.311351735704319
4.000000000000000	0.519364609722725
5.000000000000000	-0.195039153677191
6.000000000000000	0.014640822507946
7.000000000000000	-0.064685229583513
