X39158
	2.69483237641618	3.51382849564695
0.000000000000000	11.539393824022888
1.000000000000000	-10.546850684528300
2.000000000000000	3.193961867467475
3.000000000000000	-0.655424465851666
4.000000000000000	0.061263096346870
5.000000000000000	0.008144082849156
	2.12241419903747	2.76947234344994
0.000000000000000	64.141127882225419
1.000000000000000	-53.064965283940872
2.000000000000000	11.268490563366672
3.000000000000000	-1.407219797491319
4.000000000000000	0.058570553059028
5.000000000000000	-0.001258926067148
	1.77428924814104	2.23842643373847
0.000000000000000	194.418527636237797
1.000000000000000	-115.100467357604089
2.000000000000000	17.515905582128191
3.000000000000000	-2.254579476722689
4.000000000000000	0.597643085177706
5.000000000000000	-0.209042549544115
6.000000000000000	0.049139459725987
7.000000000000000	0.004662477935378
