X39697
	2.65111020625671	3.49183326644904
0.000000000000000	11.625459169955604
1.000000000000000	-10.596129631374028
2.000000000000000	3.118476318691255
3.000000000000000	-0.604244757406825
4.000000000000000	0.049816315604633
5.000000000000000	0.006373060303780
	2.05140468746084	2.72988369714256
0.000000000000000	63.969912233406397
1.000000000000000	-52.948738933599330
2.000000000000000	11.401380342530503
3.000000000000000	-1.522682304445223
4.000000000000000	0.112855149217587
5.000000000000000	-0.021242683412957
	1.69558192040035	2.17108749784981
0.000000000000000	194.033091646242241
1.000000000000000	-114.990726984638513
2.000000000000000	17.975081303152216
3.000000000000000	-2.515317682828751
4.000000000000000	0.597364185802328
5.000000000000000	-0.162854952571940
6.000000000000000	0.137774346866706
7.000000000000000	-0.037268325471654
