X39704
	2.79193792300041	3.65970436856145
0.000000000000000	11.542493271230965
1.000000000000000	-10.555983713922140
2.000000000000000	3.195858445820954
3.000000000000000	-0.652107518669708
4.000000000000000	0.055172507077441
5.000000000000000	0.008447558488471
	2.1738229028222		2.87132090158163
0.000000000000000	64.312117916131740
1.000000000000000	-53.110696499399843
2.000000000000000	11.098347090205346
3.000000000000000	-1.362848362843555
4.000000000000000	0.068417708497068
5.000000000000000	-0.005234964451032
	1.79330393993985	2.2996959677088
0.000000000000000	194.564941224153784
1.000000000000000	-115.103026537535228
2.000000000000000	17.405025998328352
3.000000000000000	-2.177078386244021
4.000000000000000	0.490380126047114
5.000000000000000	-0.191345892389488
6.000000000000000	0.113339506318714
7.000000000000000	-0.063494484553187
