X39743
	2.86584554627419	3.76989536886623
0.000000000000000	11.780555115220556
1.000000000000000	-10.530856593809926
2.000000000000000	3.028076382295307
3.000000000000000	-0.615681363876428
4.000000000000000	0.023134980066059
5.000000000000000	-0.013862027476049
	2.20031506704377	2.95232650071321
0.000000000000000	64.163381100953288
1.000000000000000	-53.082655324114256
2.000000000000000	11.274248498374245
3.000000000000000	-1.453827680707144
4.000000000000000	0.097420712338861
5.000000000000000	0.003289808738693
	1.79956315448535	2.33444150628667
0.000000000000000	194.132281567403993
1.000000000000000	-114.839255043682883
2.000000000000000	17.735395927971023
3.000000000000000	-2.346418380528615
4.000000000000000	0.487561168169412
5.000000000000000	-0.237607760129064
6.000000000000000	0.111076560284986
7.000000000000000	-0.040654660897992
