X39715
	2.86174171757342	3.80741851260747
0.000000000000000	11.542522988901146
1.000000000000000	-10.551468106235113
2.000000000000000	3.190730363127402
3.000000000000000	-0.646061226338981
4.000000000000000	0.058210375525876
5.000000000000000	0.006848257249965
	2.19807185207398	2.94855064660365
0.000000000000000	64.097658446203241
1.000000000000000	-53.052939200122474
2.000000000000000	11.317379161518680
3.000000000000000	-1.467718233150497
4.000000000000000	0.103016921867044
5.000000000000000	-0.006954401205403
	1.79942864025672	2.33168605488146
0.000000000000000	194.196048403823681
1.000000000000000	-115.041022307679654
2.000000000000000	17.772222031538824
3.000000000000000	-2.358842627858996
4.000000000000000	0.565183541190742
5.000000000000000	-0.268349096117695
6.000000000000000	0.105009288825202
7.000000000000000	0.051896274656625
