X39740
	2.87498912398245	3.83516837836146
0.000000000000000	11.537886870717706
1.000000000000000	-10.540891454770248
2.000000000000000	3.194814441045025
3.000000000000000	-0.657114408664742
4.000000000000000	0.058782890635300
5.000000000000000	0.007742080853162
	2.20451940413541	2.96284273797176
0.000000000000000	64.066262870401019
1.000000000000000	-53.020881270679823
2.000000000000000	11.307224739465596
3.000000000000000	-1.460478143382143
4.000000000000000	0.101057433898981
5.000000000000000	-0.014799398351503
	1.8007166659773	2.33928365395928
0.000000000000000	194.313740658489536
1.000000000000000	-115.030567543396813
2.000000000000000	17.644426965403390
3.000000000000000	-2.302184661384551
4.000000000000000	0.551347469381571
5.000000000000000	-0.226597289245723
6.000000000000000	0.113353176540027
7.000000000000000	-0.050301971793678
