X39791
	2.55186386877678	3.15026216791018
0.000000000000000	12.666029763573317
1.000000000000000	-10.465796910735699
2.000000000000000	2.305188163253254
3.000000000000000	-0.632138566179384
4.000000000000000	-0.135617917964121
5.000000000000000	-0.096285723278992
	2.03298835815252	2.61912674704872
0.000000000000000	64.224737560271492
1.000000000000000	-53.098481959262394
2.000000000000000	11.177106282359560
3.000000000000000	-1.377790059540467
4.000000000000000	0.066335385343030
5.000000000000000	-0.006833916759157
	1.71281589687807	2.13837186392489
0.000000000000000	194.613871520315257
1.000000000000000	-115.070055554897365
2.000000000000000	17.309108842312366
3.000000000000000	-2.193838506401447
4.000000000000000	0.490887247802400
5.000000000000000	-0.196437979159007
6.000000000000000	0.152864089130498
7.000000000000000	-0.085048508075824
