X39734
	2.87654066934502	3.83965029864828
0.000000000000000	11.533447528818192
1.000000000000000	-10.546922583968506
2.000000000000000	3.200741647514934
3.000000000000000	-0.654552349062194
4.000000000000000	0.059746226000422
5.000000000000000	0.007800819508815
	2.20498995258714	2.96426622236925
0.000000000000000	64.117074730713469
1.000000000000000	-53.049219967378960
2.000000000000000	11.285064125915252
3.000000000000000	-1.424084429581294
4.000000000000000	0.072119246688349
5.000000000000000	-0.008172793238536
	1.79953373305771	2.34084203576262
0.000000000000000	194.282418265776357
1.000000000000000	-115.070577756781589
2.000000000000000	17.626899850411778
3.000000000000000	-2.219091999343576
4.000000000000000	0.543831158729376
5.000000000000000	-0.190251451802969
6.000000000000000	0.084168647765244
7.000000000000000	-0.089094602632232
