X39708
	2.86260061119101	3.79189097884622
			0	11.571773392328
			1	-10.56968893720
			2	3.1690902597782
			3	-0.631926595056
			4	5.3236418204478
			5	7.4709292993565
	2.20112113673651	2.94836269621751
			0	64.181136840124
			1	-53.05888881887
			2	11.216161196832
			3	-1.413714093382
			4	8.1045046142355
			5	-0.010814732012
	1.8029009857047	2.33524435183653
			0	194.09683080226
			1	-115.0128631986
			2	17.813466445145
			3	-2.321058896133
			4	0.5563523991611
			5	-0.199039234631
			6	9.2117338902540
			7	-4.732344615273
