X39738
	2.72827578871768	3.39851638126943
0.000000000000000	12.763345467591451
1.000000000000000	-10.495462399165092
2.000000000000000	2.239829244612536
3.000000000000000	-0.580168331658616
4.000000000000000	-0.145165227152825
5.000000000000000	-0.103741133258010
	2.12013276670659	2.80598240649335
0.000000000000000	64.326711979777201
1.000000000000000	-53.089680159600903
2.000000000000000	11.046621549947037
3.000000000000000	-1.370903582336365
4.000000000000000	0.091835057602274
5.000000000000000	-0.025700561683090
	1.74923983885901	2.24393697588549
0.000000000000000	194.173154579161149
1.000000000000000	-114.982904965348467
2.000000000000000	17.753479039252170
3.000000000000000	-2.326836859421662
4.000000000000000	0.491883369644112
5.000000000000000	-0.182362405577589
6.000000000000000	0.129810577530874
7.000000000000000	0.024499662054451
