X39746
	2.86634085741124	3.81111061952426
0.000000000000000	11.585855224998134
1.000000000000000	-10.553835758796080
2.000000000000000	3.163863199246518
3.000000000000000	-0.643264512361539
4.000000000000000	0.049747940655731
5.000000000000000	0.004062547728754
	2.19770223941027	2.95344125020302
0.000000000000000	64.126868311774260
1.000000000000000	-53.034057473576595
2.000000000000000	11.277824057214621
3.000000000000000	-1.465366579121390
4.000000000000000	0.108387631448761
5.000000000000000	-0.018433722449273
	1.79300277402545	2.33243062234447
0.000000000000000	194.383513730959947
1.000000000000000	-115.085319987422409
2.000000000000000	17.574266319464513
3.000000000000000	-2.294229747099489
4.000000000000000	0.519017969003131
5.000000000000000	-0.182650010758534
6.000000000000000	0.172608806986925
7.000000000000000	-0.058598094492169
