X39748
	2.87698738428002	3.83298313319831
0.000000000000000	11.578759517076485
1.000000000000000	-10.545842571975180
2.000000000000000	3.164903097873038
3.000000000000000	-0.649528604786261
4.000000000000000	0.052742539634476
5.000000000000000	0.004334824770969
	2.20345413333874	2.96473500490987
0.000000000000000	64.101810808528626
1.000000000000000	-53.015410794840243
2.000000000000000	11.275469910807415
3.000000000000000	-1.441533049325520
4.000000000000000	0.089993373548822
5.000000000000000	-0.016317667825108
	1.79798246434447	2.33897323555657
0.000000000000000	194.432654331443189
1.000000000000000	-115.240230988111151
2.000000000000000	17.719081409618258
3.000000000000000	-2.307571960699407
4.000000000000000	0.598688979977030
5.000000000000000	-0.215282877002801
6.000000000000000	0.023077059376323
7.000000000000000	-0.020581156629409
