X39712
	2.8630510197508	3.81289329244247
0.000000000000000	11.546732064583848
1.000000000000000	-10.556252770368820
2.000000000000000	3.191370478879953
3.000000000000000	-0.646683501317549
4.000000000000000	0.060270246426684
5.000000000000000	0.006492303609346
	2.19427329012372	2.94999680917161
0.000000000000000	64.154244916128661
1.000000000000000	-53.053394328319200
2.000000000000000	11.272549707103149
3.000000000000000	-1.468758311232861
4.000000000000000	0.102780197238815
5.000000000000000	-0.000802140972156
	1.79161753545899	2.32912657926092
0.000000000000000	194.247560620511905
1.000000000000000	-115.047262920331121
2.000000000000000	17.745588366597971
3.000000000000000	-2.308685967960038
4.000000000000000	0.488912016288271
5.000000000000000	-0.219636427264488
6.000000000000000	0.074326813399215
7.000000000000000	-0.000312746288598
