X39742
	2.8626294882308		3.80723602909225
0.000000000000000	11.552223176046656
1.000000000000000	-10.559597039687810
2.000000000000000	3.185010551309839
3.000000000000000	-0.646361958781070
4.000000000000000	0.055302303315963
5.000000000000000	0.006533111249464
	2.19707315022596	2.94923468687876
0.000000000000000	64.135093344801874
1.000000000000000	-53.031915979640566
2.000000000000000	11.253276842949752
3.000000000000000	-1.432740982016469
4.000000000000000	0.082480060080347
5.000000000000000	-0.007755241523349
	1.79550198191687	2.33123203270574
0.000000000000000	194.280045302883280
1.000000000000000	-114.996220985409266
2.000000000000000	17.698287357214532
3.000000000000000	-2.279057264726271
4.000000000000000	0.533153377183390
5.000000000000000	-0.213160716176446
6.000000000000000	0.089744232607276
7.000000000000000	-0.085341975191123
