X39738
      2.72827578871768 		3.48855071650044
                      0 	12.02463549567780
                      1	 	-10.65237694871530
                      2 	2.74014676948772
                      3 	-0.55786130349066
                      4 	0.01770059968017
                      5 	0.01932533579780
      2.15196280738583  	2.80598240649335
                      0         60.73126136979230
                      1         -48.30508159197570
                      2         9.65303072725579
                      3         -1.13764018002698
                      4         0.05315025775719
                      5        -0.00286229466039
      1.74923983885901         2.24393697588549
                      0         194.17315457916200
                      1         -114.98290496534800
                      2         17.75347903925290
                      3         -2.32683685942138
                      4         0.49188336964445
                      5         -0.18236240557592
                      6         0.12981057753030
                      7         0.02449966204808

