X39706
	2.8645318282104	3.7558080712849
			0	11.853991646288
			1	-10.53208452271
			2	2.9655345609728
			3	-0.614048677495
			4	7.5232306201708
			5	-2.280027116121
	2.19865205680566	2.95110375299679
			0	64.140457055443
			1	-53.04543542117
			2	11.242781653678
			3	-1.432856930380
			4	9.0290841739663
			5	-4.511752327994
	1.7976135225222	2.33291846365367
			0	194.18981232920
			1	-114.9594052910
			2	17.746412112736
			3	-2.281876816452
			4	0.4634056708126
			5	-0.212887799860
			6	0.1181462730572
			7	-6.214524756643
