X39705
	2.76792539218987	3.60486062825326
0.000000000000000	11.589472927115992
1.000000000000000	-10.558355795812290
2.000000000000000	3.162752628544532
3.000000000000000	-0.640181112808824
4.000000000000000	0.046755701936111
5.000000000000000	0.005668898653561
	2.16255687948328	2.84526269326551
0.000000000000000	64.363619934800511
1.000000000000000	-53.130561391875759
2.000000000000000	11.063736093883476
3.000000000000000	-1.377145289996835
4.000000000000000	0.094268134023684
5.000000000000000	-0.015754709716888
	1.78777301155241	2.2859795619382
0.000000000000000	194.692056561899562
1.000000000000000	-115.213024560506866
2.000000000000000	17.362254450090330
3.000000000000000	-2.265999071985941
4.000000000000000	0.478317157200330
5.000000000000000	-0.122223215774484
6.000000000000000	0.108634153181721
7.000000000000000	0.010279889299680
