X39750
	2.8546275315096	3.79216045089394
0.000000000000000	11.563055085321061
1.000000000000000	-10.564934842136681
2.000000000000000	3.176604845494245
3.000000000000000	-0.637061392994445
4.000000000000000	0.054590097969821
5.000000000000000	0.007696195808714
	2.19022350333975	2.9409040691705
0.000000000000000	64.172575834642558
1.000000000000000	-53.058040545572645
2.000000000000000	11.222175443787382
3.000000000000000	-1.409253037263814
4.000000000000000	0.076626271630781
5.000000000000000	-0.011137841784270
	1.78882031353449	2.32499107358738
0.000000000000000	194.099780210760997
1.000000000000000	-114.915291945361517
2.000000000000000	17.686333699611005
3.000000000000000	-2.321915711150258
4.000000000000000	0.637267431378281
5.000000000000000	-0.247849140579010
6.000000000000000	0.118490582371989
7.000000000000000	-0.086840138153027
