X39792
	2.68253504395334	3.51132359167705
0.000000000000000	11.458226322705734
1.000000000000000	-10.498558789928817
2.000000000000000	3.262612812450369
3.000000000000000	-0.703459496488156
4.000000000000000	0.075880884711300
5.000000000000000	0.008090437685066
	2.1199248670986	2.75607728876435
0.000000000000000	64.133378198215922
1.000000000000000	-53.059495543564033
2.000000000000000	11.273512375875420
3.000000000000000	-1.426300238724122
4.000000000000000	0.088671262212101
5.000000000000000	-0.016238431613039
	1.7736942390082	2.23333548936996
0.000000000000000	194.793794264713227
1.000000000000000	-115.125737520352132
2.000000000000000	17.144210117464528
3.000000000000000	-2.179778608041351
4.000000000000000	0.542248772558702
5.000000000000000	-0.206185571412353
6.000000000000000	0.143688648749259
7.000000000000000	-0.112233031632033
