X39737
	2.8458421799396	3.59028674642546
0.000000000000000	12.740218139842764
1.000000000000000	-10.501147107915646
2.000000000000000	2.224354523482217
3.000000000000000	-0.611303388266796
4.000000000000000	-0.146213775875071
5.000000000000000	-0.099631700342654
	2.1860079004573	2.9314917331505
0.000000000000000	64.149802751353647
1.000000000000000	-53.035577748762009
2.000000000000000	11.225998159710889
3.000000000000000	-1.436048912715319
4.000000000000000	0.099658783571001
5.000000000000000	-0.020329339785360
	1.78901103220874	2.31901767086809
0.000000000000000	194.155660571275263
1.000000000000000	-115.034562877424221
2.000000000000000	17.890929091702283
3.000000000000000	-2.350634583685876
4.000000000000000	0.453738970058079
5.000000000000000	-0.154291586923947
6.000000000000000	0.092801322345232
7.000000000000000	0.001728666699915
