X39711
	2.87939803070594	3.83617772176699
0.000000000000000	11.538660147303947
1.000000000000000	-10.547739192644991
2.000000000000000	3.192202566966528
3.000000000000000	-0.650073360098122
4.000000000000000	0.060499846767502
5.000000000000000	0.005624357064527
	2.20572463697542	2.96692789661908
0.000000000000000	64.145008642683052
1.000000000000000	-53.044557218097559
2.000000000000000	11.246363712613746
3.000000000000000	-1.448746837133532
4.000000000000000	0.106914820435914
5.000000000000000	-0.011596727210183
	1.80004752902937	2.34151035626023
0.000000000000000	194.246421224706296
1.000000000000000	-114.993274828705537
2.000000000000000	17.655625530396026
3.000000000000000	-2.336629909398517
4.000000000000000	0.538660458134077
5.000000000000000	-0.160682327715265
6.000000000000000	0.067514692326897
7.000000000000000	-0.073174074403011
