X39701
	2.66407890793833	3.51857176957599
0.000000000000000	11.624307787147483
1.000000000000000	-10.594643417524962
2.000000000000000	3.118461012517729
3.000000000000000	-0.603966486876214
4.000000000000000	0.049952368114027
5.000000000000000	0.005364931645195
	2.05454373041648	2.74406429622279
0.000000000000000	63.986379961986401
1.000000000000000	-52.963623985181279
2.000000000000000	11.394270198826806
3.000000000000000	-1.513968257717057
4.000000000000000	0.106419325423575
5.000000000000000	-0.020242456616663
	1.69158501709383	2.17622482749654
0.000000000000000	194.101848898812733
1.000000000000000	-114.950411005362156
2.000000000000000	17.870619373731916
3.000000000000000	-2.447636631135421
4.000000000000000	0.578269978952302
5.000000000000000	-0.208775197032394
6.000000000000000	0.144905133222910
7.000000000000000	-0.065367260728618
