X39744
	2.86595780024851	3.55219894044043
0.000000000000000	13.088754616320953
1.000000000000000	-10.729199974139183
2.000000000000000	1.614872747878197
3.000000000000000	-0.636611790076007
4.000000000000000	-0.093788674929491
5.000000000000000	0.057471141149047
	2.19943438277763	2.95282970265345
0.000000000000000	64.103630484561890
1.000000000000000	-53.019902451032578
2.000000000000000	11.276497024736033
3.000000000000000	-1.455014620083189
4.000000000000000	0.094492617686379
5.000000000000000	-0.010282241963300
	1.79905851115807	2.33361940640144
0.000000000000000	194.132376925890241
1.000000000000000	-114.963808162419042
2.000000000000000	17.791309172471927
3.000000000000000	-2.321853560528878
4.000000000000000	0.485110489417105
5.000000000000000	-0.182737986113998
6.000000000000000	0.074841659964897
7.000000000000000	-0.014965816034757
