X39735
	2.83760423162267	3.76320747023705
0.000000000000000	11.551434162572372
1.000000000000000	-10.557921850726100
2.000000000000000	3.184034860435011
3.000000000000000	-0.640949763587624
4.000000000000000	0.056210865718931
5.000000000000000	0.007908354673284
	2.18536559653595	2.9228872583225
0.000000000000000	64.105393475585345
1.000000000000000	-53.055789918865550
2.000000000000000	11.312657406587819
3.000000000000000	-1.468983779721162
4.000000000000000	0.102887220159536
5.000000000000000	-0.005769532563852
	1.7962216900357	2.31684078898886
0.000000000000000	193.800125533525119
1.000000000000000	-114.716890424393426
2.000000000000000	17.905156768025790
3.000000000000000	-2.474436535808781
4.000000000000000	0.633745745712421
5.000000000000000	-0.295999206544259
6.000000000000000	0.131415590260147
7.000000000000000	-0.006104065689436
