X39714
	2.8734270810239		3.83633821168927
0.000000000000000	11.536724502374570
1.000000000000000	-10.549844098935800
2.000000000000000	3.197344226339805
3.000000000000000	-0.655625578587131
4.000000000000000	0.058264110638987
5.000000000000000	0.006412958628025
	2.2013389413511		2.96121921650572
0.000000000000000	64.098466352245538
1.000000000000000	-53.031331847249156
2.000000000000000	11.304093544883928
3.000000000000000	-1.443874497995392
4.000000000000000	0.073761724577349
5.000000000000000	0.003372782918011
	1.79635497992379	2.336885953781
0.000000000000000	194.299161685336116
1.000000000000000	-115.046026587022567
2.000000000000000	17.652314721425029
3.000000000000000	-2.197310835943851
4.000000000000000	0.505698697016865
5.000000000000000	-0.193268566675036
6.000000000000000	0.074682138261429
7.000000000000000	-0.072201618615705
