X39707
	2.85645392333778	3.80083667970628
0.000000000000000	11.542870066247469
1.000000000000000	-10.551676071705739
2.000000000000000	3.189571807724159
3.000000000000000	-0.646630066455369
4.000000000000000	0.059584480996113
5.000000000000000	0.006086769810642
	2.19226869648783	2.94281953429682
0.000000000000000	64.135909926399421
1.000000000000000	-53.049861001071747
2.000000000000000	11.276195124663962
3.000000000000000	-1.454758724066684
4.000000000000000	0.094285101869150
5.000000000000000	0.000163347459172
	1.79407216573743	2.32584913749885
0.000000000000000	194.201699177135197
1.000000000000000	-114.975217970615830
2.000000000000000	17.805556093418325
3.000000000000000	-2.367436093593521
4.000000000000000	0.535603864764928
5.000000000000000	-0.247708969992717
6.000000000000000	0.056482087364908
7.000000000000000	-0.058313622754569
