X39700
	2.67395148492054	3.53261465378989
0.000000000000000	11.657826475938364
1.000000000000000	-10.590008976251246
2.000000000000000	3.096503068904010
3.000000000000000	-0.605692594804759
4.000000000000000	0.043385713106146
5.000000000000000	0.002238129467417
	2.05940080153994	2.75478776766957
0.000000000000000	63.975651092235154
1.000000000000000	-52.969293330203804
2.000000000000000	11.426727057693414
3.000000000000000	-1.539286776165589
4.000000000000000	0.121942157484750
5.000000000000000	-0.020166397342053
	1.69240112026951	2.18230575128245
0.000000000000000	194.094284299609995
1.000000000000000	-114.949515021386830
2.000000000000000	17.795827856757690
3.000000000000000	-2.454033619548199
4.000000000000000	0.543377455265098
5.000000000000000	-0.139147140505120
6.000000000000000	0.138856321841413
7.000000000000000	-0.002872412832544
