X39702
	2.78848591243858	3.6576502351822
0.000000000000000	11.534364878552719
1.000000000000000	-10.546111968718892
2.000000000000000	3.198475720034155
3.000000000000000	-0.652584464908136
4.000000000000000	0.059432174128298
5.000000000000000	0.006905226667709
	2.16935429571443	2.86799824603765
0.000000000000000	64.268848389508804
1.000000000000000	-53.077765139424969
2.000000000000000	11.113531888810984
3.000000000000000	-1.405361972910733
4.000000000000000	0.110202382763012
5.000000000000000	-0.021265003908163
	1.78930947544041	2.29473434777839
0.000000000000000	194.455311880976893
1.000000000000000	-114.940295679531431
2.000000000000000	17.373208646521682
3.000000000000000	-2.329796253036891
4.000000000000000	0.536397980548020
5.000000000000000	-0.158948068089324
6.000000000000000	0.090292911178981
7.000000000000000	-0.086446828432774
