X40222
	2.7628414198723	3.59696637585644
0.000000000000000	11.544764457664959
1.000000000000000	-10.557878624789863
2.000000000000000	3.196780308654379
3.000000000000000	-0.647971302792506
4.000000000000000	0.055354049307002
5.000000000000000	0.008759593250837
	2.16243152912344	2.83924636395834
0.000000000000000	64.468756088132821
1.000000000000000	-53.192036820277835
2.000000000000000	10.955726857312881
3.000000000000000	-1.283171999447744
4.000000000000000	0.052254046449877
5.000000000000000	-0.008863250776425
	1.78615087174587	2.28589684853439
0.000000000000000	194.984026218402107
1.000000000000000	-115.380240590651397
2.000000000000000	17.077386161099074
3.000000000000000	-2.037707308668962
4.000000000000000	0.525584025373401
5.000000000000000	-0.218040389458299
6.000000000000000	0.107677764277412
7.000000000000000	-0.049075163273839
