X40248
	2.73701831723358	3.55883490785553
0.000000000000000	11.561150337516262
1.000000000000000	-10.562129462474237
2.000000000000000	3.178380205359793
3.000000000000000	-0.638746519816972
4.000000000000000	0.053973601870824
5.000000000000000	0.008220720834836
	2.14025213615334	2.81289577738274
0.000000000000000	64.462365738343422
1.000000000000000	-53.195843062771296
2.000000000000000	10.972028634540809
3.000000000000000	-1.312952045160989
4.000000000000000	0.061936203213416
5.000000000000000	0.003002469844858
	1.76845080373897	2.26254527158297
0.000000000000000	194.810979243595568
1.000000000000000	-115.205968480544371
2.000000000000000	17.282543021428030
3.000000000000000	-2.152533410478299
4.000000000000000	0.432027616091010
5.000000000000000	-0.153376084785984
6.000000000000000	0.131164250011780
7.000000000000000	-0.072367498188404
