X40253
	2.67214317004286	3.43891612888809
0.000000000000000	11.581311800683169
1.000000000000000	-10.570006362568160
2.000000000000000	3.156570694769547
3.000000000000000	-0.628790168402440
4.000000000000000	0.051263016040905
5.000000000000000	0.007642760564473
	2.10569520589515	2.74328338657419
0.000000000000000	64.571123170553506
1.000000000000000	-53.243068497079015
2.000000000000000	10.891498683586725
3.000000000000000	-1.285156968664485
4.000000000000000	0.054271696139803
5.000000000000000	0.009484222998079
	1.74918544786539	2.22226115955575
0.000000000000000	194.870170614483101
1.000000000000000	-115.145295996116786
2.000000000000000	17.137154407222201
3.000000000000000	-2.118163257666634
4.000000000000000	0.368774235972923
5.000000000000000	-0.219951616181593
6.000000000000000	0.146971677068749
7.000000000000000	-0.076266582074946
