X40295
	2.73240686888448	3.53244112316609
0.000000000000000	11.613773020604381
1.000000000000000	-10.556456254919656
2.000000000000000	3.143087320522234
3.000000000000000	-0.634230515141518
4.000000000000000	0.046116902646407
5.000000000000000	0.002678281517618
	2.14419444645054	2.80677266634248
0.000000000000000	64.503919283020266
1.000000000000000	-53.197670796863115
2.000000000000000	10.931104419520844
3.000000000000000	-1.311000643699368
4.000000000000000	0.075531300918237
5.000000000000000	-0.011877198970649
	1.77551899263247	2.26478723249478
0.000000000000000	194.812939324347752
1.000000000000000	-115.138398162579691
2.000000000000000	17.157012590616645
3.000000000000000	-2.163222523205107
4.000000000000000	0.451187366901398
5.000000000000000	-0.241297740855672
6.000000000000000	0.147570868844740
7.000000000000000	-0.005492787695664
