X40298
	2.55556150546378	3.25524664450972
0.000000000000000	11.625710364573022
1.000000000000000	-10.599997967663469
2.000000000000000	3.123894104110469
3.000000000000000	-0.603423601928404
4.000000000000000	0.043509717327000
5.000000000000000	0.008806062559158
	2.02624579147156	2.62155238620886
0.000000000000000	64.650337149180970
1.000000000000000	-53.240864317258328
2.000000000000000	10.778997980175051
3.000000000000000	-1.246623307753180
4.000000000000000	0.044131549241097
5.000000000000000	0.008308251186178
	1.68981009551842	2.13610809727102
0.000000000000000	195.061205829032076
1.000000000000000	-115.448873361692989
2.000000000000000	17.153375016157209
3.000000000000000	-2.145718803634187
4.000000000000000	0.496237100915734
5.000000000000000	-0.156081921892364
6.000000000000000	0.024345295313750
7.000000000000000	0.060080292617539
