X40296
	2.69907014109822	3.4840609130953
0.000000000000000	11.623320731588597
1.000000000000000	-10.562502832459408
2.000000000000000	3.134225393742142
3.000000000000000	-0.628128041635374
4.000000000000000	0.044832892975758
5.000000000000000	0.002758063149597
	2.1186193598268	2.77229833342134
0.000000000000000	64.546933111849654
1.000000000000000	-53.231659730582471
2.000000000000000	10.913854157591064
3.000000000000000	-1.296313681860976
4.000000000000000	0.063340832746254
5.000000000000000	0.004198521905922
	1.75472848279994	2.23786456524386
0.000000000000000	194.966087350597490
1.000000000000000	-115.337067183816614
2.000000000000000	17.257654772459766
3.000000000000000	-2.162642411544068
4.000000000000000	0.352602465947660
5.000000000000000	-0.114939978665774
6.000000000000000	0.049635714276663
7.000000000000000	0.009580924703478
