X40221
	2.6291810246242	3.37636266380847
0.000000000000000	11.596006840476701
1.000000000000000	-10.587245626817673
2.000000000000000	3.151811621628587
3.000000000000000	-0.616900209948851
4.000000000000000	0.046288131712859
5.000000000000000	0.011387032489518
	2.07587186727743	2.69921407004295
0.000000000000000	64.568474713818972
1.000000000000000	-53.260200963442955
2.000000000000000	10.889584830179857
3.000000000000000	-1.264212400663040
4.000000000000000	0.055828183613326
5.000000000000000	0.000962737371151
	1.72436657031595	2.19005915592636
0.000000000000000	195.067931535269878
1.000000000000000	-115.203322911847422
2.000000000000000	16.877238743427540
3.000000000000000	-2.130352976021662
4.000000000000000	0.532344747290454
5.000000000000000	-0.182674416981775
6.000000000000000	0.017722665238474
7.000000000000000	0.012200199819569
