X40233
	2.7566574649695	3.59153837982603
0.000000000000000	11.546804039755990
1.000000000000000	-10.556547489066190
2.000000000000000	3.192387140553786
3.000000000000000	-0.646856134390769
4.000000000000000	0.057084127177399
5.000000000000000	0.008162557008962
	2.15510759316228	2.83306466466341
0.000000000000000	64.454698218348682
1.000000000000000	-53.186776905471071
2.000000000000000	10.990640498993301
3.000000000000000	-1.319261465910476
4.000000000000000	0.072113128756482
5.000000000000000	-0.009022007629942
	1.7784069021903	2.2783483752119
0.000000000000000	194.955504649818891
1.000000000000000	-115.261685141286193
2.000000000000000	17.117333853689654
3.000000000000000	-2.153068976552916
4.000000000000000	0.501140945515765
5.000000000000000	-0.193614035219289
6.000000000000000	0.116275658173743
7.000000000000000	-0.010401975453058
