X40237
	2.63856191283629	3.3916559370207
0.000000000000000	11.593238022760593
1.000000000000000	-10.586512843668130
2.000000000000000	3.158396438989733
3.000000000000000	-0.621697250496505
4.000000000000000	0.046894707399979
5.000000000000000	0.010171313621140
	2.08131399621188	2.70869131085372
0.000000000000000	64.600537034531356
1.000000000000000	-53.230587589361818
2.000000000000000	10.822421767934113
3.000000000000000	-1.236191098927035
4.000000000000000	0.044352579474104
5.000000000000000	-0.013584317383442
	1.72895066862964	2.19680406190133
0.000000000000000	194.863752589153620
1.000000000000000	-115.212521238750540
2.000000000000000	16.983544853096198
3.000000000000000	-2.061614378402687
4.000000000000000	0.532497479882439
5.000000000000000	-0.162181911744986
6.000000000000000	0.085697239974770
7.000000000000000	-0.030760418840508
