X40249
	2.6333736983468	3.37541192819447
0.000000000000000	11.599124571797249
1.000000000000000	-10.586081393477867
2.000000000000000	3.148304260149196
3.000000000000000	-0.619012957229993
4.000000000000000	0.048312604444120
5.000000000000000	0.009041981278188
	2.08041643094208	2.70265292616378
0.000000000000000	64.612408522288959
1.000000000000000	-53.233919593514308
2.000000000000000	10.823083244955901
3.000000000000000	-1.264736745454463
4.000000000000000	0.058743788663803
5.000000000000000	-0.002329358716904
	1.73191021748699	2.19480540200855
0.000000000000000	194.910827409810338
1.000000000000000	-115.257213860754575
2.000000000000000	17.077833658482831
3.000000000000000	-2.158903947030489
4.000000000000000	0.555511254531221
5.000000000000000	-0.180894589811760
6.000000000000000	0.060207048378742
7.000000000000000	-0.027434810398657
