X40219
	2.6497952199566	3.41191085834609
0.000000000000000	11.593154317383885
1.000000000000000	-10.582871674223435
2.000000000000000	3.151270780722641
3.000000000000000	-0.619689625535296
4.000000000000000	0.047219870163113
5.000000000000000	0.010051830682188
	2.08590678906365	2.72074660995019
0.000000000000000	64.570462551068189
1.000000000000000	-53.230334172839960
2.000000000000000	10.864394660049369
3.000000000000000	-1.253518208870197
4.000000000000000	0.046786638730633
5.000000000000000	-0.003307794340594
	1.73027826630199	2.20248417571279
0.000000000000000	194.908898926692160
1.000000000000000	-115.226886691696535
2.000000000000000	17.064256761126348
3.000000000000000	-2.134651512945427
4.000000000000000	0.537424358766536
5.000000000000000	-0.121509601408862
6.000000000000000	0.054024045769230
7.000000000000000	-0.065945934694207
