X40282
	2.67787483707881	3.45689589222308
0.000000000000000	11.579591306224220
1.000000000000000	-10.573507491367799
2.000000000000000	3.162351273951389
3.000000000000000	-0.628799693131864
4.000000000000000	0.051258352400582
5.000000000000000	0.009409080539130
	2.10486947716743	2.75023579917355
0.000000000000000	64.530244038064296
1.000000000000000	-53.217135136298175
2.000000000000000	10.906455340654961
3.000000000000000	-1.288624576962603
4.000000000000000	0.060025034806549
5.000000000000000	-0.004635563880695
	1.74518756852638	2.22226212277331
0.000000000000000	195.023533775918167
1.000000000000000	-115.294834677689863
2.000000000000000	17.192519218410219
3.000000000000000	-2.152744201800445
4.000000000000000	0.398798856508158
5.000000000000000	-0.144533200465984
6.000000000000000	0.051931102952139
7.000000000000000	0.029863764105140
