X40220
	2.60051316016963	3.32942400133767
0.000000000000000	11.613611727687196
1.000000000000000	-10.595091921680536
2.000000000000000	3.135459822592506
3.000000000000000	-0.609026852656577
4.000000000000000	0.043854085790443
5.000000000000000	0.010790986631092
	2.05571989808431	2.66879707157191
0.000000000000000	64.599941464687404
1.000000000000000	-53.222530489001471
2.000000000000000	10.823093272542193
3.000000000000000	-1.246836848228967
4.000000000000000	0.043471540236068
5.000000000000000	-0.004477093351920
	1.71025812820835	2.16842443694471
0.000000000000000	195.157804767075276
1.000000000000000	-115.489697562184531
2.000000000000000	17.066098834449097
3.000000000000000	-2.122282380512544
4.000000000000000	0.536511383537110
5.000000000000000	-0.125554562423790
6.000000000000000	0.038795894576849
7.000000000000000	-0.009058849029236
