X40250
	2.69662697387065	3.4836501788278
0.000000000000000	11.565423674897442
1.000000000000000	-10.566605660763546
2.000000000000000	3.176782478820392
3.000000000000000	-0.637990747342328
4.000000000000000	0.053354842479590
5.000000000000000	0.009234311827282
	2.12025055756533	2.76931105418167
0.000000000000000	64.555864093179764
1.000000000000000	-53.217463849258642
2.000000000000000	10.879090609502226
3.000000000000000	-1.288674889493135
4.000000000000000	0.070098170247969
5.000000000000000	-0.003288538668288
	1.75799936994532	2.2391067447862
0.000000000000000	194.919581823669375
1.000000000000000	-115.317509782570411
2.000000000000000	17.155649433377945
3.000000000000000	-2.186112814136626
4.000000000000000	0.507288622275934
5.000000000000000	-0.146816836627638
6.000000000000000	0.048357970517966
7.000000000000000	0.004403009701029
