X40284
	2.64309820679179	3.39134622639984
0.000000000000000	11.594551917499286
1.000000000000000	-10.583846400493064
2.000000000000000	3.152539923925618
3.000000000000000	-0.619820780492257
4.000000000000000	0.047671581939241
5.000000000000000	0.009931519882881
	2.08745124271889	2.71306657568768
0.000000000000000	64.582459202777017
1.000000000000000	-53.229026508250897
2.000000000000000	10.843817820206430
3.000000000000000	-1.270069780246980
4.000000000000000	0.063345314838644
5.000000000000000	-0.004045340941885
	1.73602404466108	2.20173050171765
0.000000000000000	195.017243719022872
1.000000000000000	-115.162474274280711
2.000000000000000	17.023667718815190
3.000000000000000	-2.131181098928074
4.000000000000000	0.462544032720262
5.000000000000000	-0.186187230207234
6.000000000000000	0.133952473941314
7.000000000000000	-0.066274680653983
