X40283
	2.70267828936123	3.48683130137799
0.000000000000000	11.565788664705726
1.000000000000000	-10.565463192035587
2.000000000000000	3.174989365395792
3.000000000000000	-0.635982862194494
4.000000000000000	0.052987170395807
5.000000000000000	0.008619273207848
	2.12790070729258	2.7752238011798
0.000000000000000	64.551827310869115
1.000000000000000	-53.218508108701783
2.000000000000000	10.862971898911077
3.000000000000000	-1.264785407189114
4.000000000000000	0.058672253476985
5.000000000000000	-0.007875571522815
	1.76489529935977	2.24628337445231
0.000000000000000	195.032454618217514
1.000000000000000	-115.313121867868034
2.000000000000000	17.084272640454412
3.000000000000000	-2.100114993150403
4.000000000000000	0.439413260654559
5.000000000000000	-0.133307206726529
6.000000000000000	0.118028073121537
7.000000000000000	-0.014736279379744
