X40297
	2.6746047946263	3.45324336731417
0.000000000000000	11.580633850117856
1.000000000000000	-10.574204292259315
2.000000000000000	3.161411416254681
3.000000000000000	-0.627900549003376
4.000000000000000	0.050780280370994
5.000000000000000	0.009463804120689
	2.10091018251829	2.7469856328788
0.000000000000000	64.562191382115870
1.000000000000000	-53.247543732657924
2.000000000000000	10.898484812978387
3.000000000000000	-1.275019151311491
4.000000000000000	0.046828131060470
5.000000000000000	0.012784094151387
	1.74079432157045	2.21889329626903
0.000000000000000	194.848276053082628
1.000000000000000	-115.098442775296235
2.000000000000000	17.152313730299845
3.000000000000000	-2.136014606891550
4.000000000000000	0.465289248863907
5.000000000000000	-0.271787142147019
6.000000000000000	0.135765318811468
7.000000000000000	-0.033267912605627
