X40289
	2.70327442740324	3.50278960046686
0.000000000000000	11.571068775511025
1.000000000000000	-10.568764616558109
2.000000000000000	3.169587789842542
3.000000000000000	-0.633186470187330
4.000000000000000	0.051955857615828
5.000000000000000	0.008756107665616
	2.11847877753356	2.77733914985805
0.000000000000000	64.475348753538952
1.000000000000000	-53.176973109565957
2.000000000000000	10.937581242914417
3.000000000000000	-1.310762702659532
4.000000000000000	0.064627557255150
5.000000000000000	0.002153221269222
	1.75215520196062	2.2385994132136
0.000000000000000	194.933615427442987
1.000000000000000	-115.396411441032853
2.000000000000000	17.248209490298215
3.000000000000000	-2.155570299822425
4.000000000000000	0.479999411836241
5.000000000000000	-0.174081865166578
6.000000000000000	0.046874663520153
7.000000000000000	0.027754822133990
