X40241
	2.59333891035336	3.31883390991406
0.000000000000000	11.613754286060965
1.000000000000000	-10.594505977200699
2.000000000000000	3.136399561986746
3.000000000000000	-0.611052194194802
4.000000000000000	0.045581021534551
5.000000000000000	0.009788784249486
	2.04929646002731	2.66150327062221
0.000000000000000	64.614162781162179
1.000000000000000	-53.224530436876137
2.000000000000000	10.807786837118320
3.000000000000000	-1.266601917712985
4.000000000000000	0.062425191177417
5.000000000000000	-0.000880691552661
	1.70638404088836	2.16189781771195
0.000000000000000	194.737819349730785
1.000000000000000	-115.074384589075208
2.000000000000000	17.061686259262522
3.000000000000000	-2.119224678759295
4.000000000000000	0.486371080297107
5.000000000000000	-0.150360277793032
6.000000000000000	0.067520450958534
7.000000000000000	-0.029177776189715
