X40291
	2.74315818885731	3.56345880765199
0.000000000000000	11.548293116383128
1.000000000000000	-10.551282404414978
2.000000000000000	3.185161598006175
3.000000000000000	-0.648052869507242
4.000000000000000	0.056598992598309
5.000000000000000	0.007782515131240
	2.14826937250351	2.81850115434555
0.000000000000000	64.486876675571565
1.000000000000000	-53.204652190317915
2.000000000000000	10.946854528211965
3.000000000000000	-1.303223228187197
4.000000000000000	0.068078825137302
5.000000000000000	-0.007901031421916
	1.77506026026539	2.27026418393204
0.000000000000000	194.898219475464714
1.000000000000000	-115.300542324976831
2.000000000000000	17.272373324972925
3.000000000000000	-2.163782294483743
4.000000000000000	0.352754713637953
5.000000000000000	-0.154599774696223
6.000000000000000	0.083693125237826
7.000000000000000	0.030058838031733
