X40255
	2.64695984535512	3.40608335028215
0.000000000000000	11.594834928762610
1.000000000000000	-10.581334828149819
2.000000000000000	3.147871229128369
3.000000000000000	-0.619392433875679
4.000000000000000	0.048598673935325
5.000000000000000	0.007957206054344
	2.08316318569583	2.71776580437618
0.000000000000000	64.557738116424588
1.000000000000000	-53.207496104928396
2.000000000000000	10.861242800081714
3.000000000000000	-1.277818573052087
4.000000000000000	0.057362660384968
5.000000000000000	-0.001711122639471
	1.72894953371749	2.19959741525952
0.000000000000000	194.879180198663874
1.000000000000000	-115.361039559341435
2.000000000000000	17.245650315908041
3.000000000000000	-2.158015630980660
4.000000000000000	0.521691111749401
5.000000000000000	-0.165465309809372
6.000000000000000	0.023890169652519
7.000000000000000	0.013894195584278
