X40232
	2.60104792745445	3.3268854629902
0.000000000000000	11.608877141474069
1.000000000000000	-10.594663098825009
2.000000000000000	3.142827424592660
3.000000000000000	-0.611571683834672
4.000000000000000	0.044323005421450
5.000000000000000	0.009750479166365
	2.05929711792084	2.66901969172119
0.000000000000000	64.593071051325666
1.000000000000000	-53.199710079228438
2.000000000000000	10.796045561112937
3.000000000000000	-1.245634629133811
4.000000000000000	0.061401661520980
5.000000000000000	-0.022799178513060
	1.71539273083171	2.17130953561414
0.000000000000000	194.925279397601542
1.000000000000000	-115.210556606741406
2.000000000000000	16.963577923712407
3.000000000000000	-2.098323002068500
4.000000000000000	0.551583576169522
5.000000000000000	-0.165073257938780
6.000000000000000	0.073790790396231
7.000000000000000	-0.030829288194799
