X40223
	2.63060488260267	3.37425563532003
0.000000000000000	11.594322345677140
1.000000000000000	-10.583073144532719
2.000000000000000	3.150843390545089
3.000000000000000	-0.619611344834089
4.000000000000000	0.047083235455253
5.000000000000000	0.010361522665950
	2.07875024832051	2.69981002895874
0.000000000000000	64.590170151755515
1.000000000000000	-53.227569349125325
2.000000000000000	10.840140558656557
3.000000000000000	-1.249699812945094
4.000000000000000	0.051164167883950
5.000000000000000	-0.006635778686984
	1.72817263939174	2.19275481739449
0.000000000000000	195.256354417603830
1.000000000000000	-115.503949342438076
2.000000000000000	16.968202058482834
3.000000000000000	-2.076223644231219
4.000000000000000	0.485706067037503
5.000000000000000	-0.105968411526905
6.000000000000000	0.026352323947716
7.000000000000000	0.001130236378589
