X40227
	2.57989812097053	3.29764455759146
0.000000000000000	11.621449326169778
1.000000000000000	-10.601780843926244
2.000000000000000	3.133629884379343
3.000000000000000	-0.605711043390157
4.000000000000000	0.042749172345617
5.000000000000000	0.009883758025093
	2.04174775337613	2.64734314818006
0.000000000000000	64.622438990880767
1.000000000000000	-53.228392468854821
2.000000000000000	10.795633647282758
3.000000000000000	-1.237131178522945
4.000000000000000	0.052694366869716
5.000000000000000	-0.017176715115206
	1.70049499801638	2.15323801263169
0.000000000000000	194.956322422778271
1.000000000000000	-115.267992497647768
2.000000000000000	16.988130850153841
3.000000000000000	-2.117600260717116
4.000000000000000	0.562983109030483
5.000000000000000	-0.147740537778087
6.000000000000000	0.059162523172127
7.000000000000000	-0.058316832973315
