X40327
	2.74757376408784	3.57183593457902
0.000000000000000	11.556701211660355
1.000000000000000	-10.557814168964988
2.000000000000000	3.178043812882087
3.000000000000000	-0.642925927286528
4.000000000000000	0.055726588342408
5.000000000000000	0.008041399190006
	2.15031894795356	2.82344636430761
0.000000000000000	64.403430725455436
1.000000000000000	-53.123234574091427
2.000000000000000	10.972007670555639
3.000000000000000	-1.335556120850341
4.000000000000000	0.083372154120639
5.000000000000000	-0.015690431414280
	1.77731834397693	2.27259805966503
0.000000000000000	194.819351790110204
1.000000000000000	-115.365913627742060
2.000000000000000	17.309717885114139
3.000000000000000	-2.180570350421166
4.000000000000000	0.503851007563734
5.000000000000000	-0.161305948772570
6.000000000000000	0.063074173644618
7.000000000000000	0.022590761899701
