X40328
	2.63276775742007	3.3819960553726
0.000000000000000	11.599404228317816
1.000000000000000	-10.581647659338756
2.000000000000000	3.140842246763179
3.000000000000000	-0.618761198525566
4.000000000000000	0.049022457411706
5.000000000000000	0.007989913194319
	2.07576047959463	2.7026410406923
0.000000000000000	64.534593432923714
1.000000000000000	-53.174100749487096
2.000000000000000	10.863025484340325
3.000000000000000	-1.299548180479336
4.000000000000000	0.074691614357314
5.000000000000000	-0.007710636261544
	1.72460277847107	2.19040216023599
0.000000000000000	194.975818942030145
1.000000000000000	-115.410164148911306
2.000000000000000	17.219114901468721
3.000000000000000	-2.171014305532335
4.000000000000000	0.471546582126605
5.000000000000000	-0.119508155790764
6.000000000000000	0.017906522691168
7.000000000000000	0.063367531682926
