X40314
	2.6393091094957	3.38372773015161
0.000000000000000	11.600800765299242
1.000000000000000	-10.584295629778305
2.000000000000000	3.142645163317469
3.000000000000000	-0.618694102029217
4.000000000000000	0.048188578784445
5.000000000000000	0.009365410534372
	2.08501235509586	2.70891235210343
0.000000000000000	64.562075348415860
1.000000000000000	-53.197674997207649
2.000000000000000	10.846931553112713
3.000000000000000	-1.285946719786659
4.000000000000000	0.071998191374012
5.000000000000000	-0.007761776693307
	1.73484357675587	2.19925937641205
0.000000000000000	194.827175833637255
1.000000000000000	-115.119462500527845
2.000000000000000	17.072131813652394
3.000000000000000	-2.154008607107153
4.000000000000000	0.514857315996955
5.000000000000000	-0.206812491744367
6.000000000000000	0.095314689492487
7.000000000000000	-0.061068404850137
