X40325
	2.68547125458583	3.45830082359662
0.000000000000000	11.628841218561881
1.000000000000000	-10.566587513839886
2.000000000000000	3.130471807850074
3.000000000000000	-0.624927453222205
4.000000000000000	0.043607396946905
5.000000000000000	0.003439032716956
	2.112011529577	2.75767774289277
0.000000000000000	64.560735739407860
1.000000000000000	-53.229237512796750
2.000000000000000	10.896184321864995
3.000000000000000	-1.295590254469563
4.000000000000000	0.065971332812930
5.000000000000000	0.001292707471350
	1.75084220273368	2.2298633788759
0.000000000000000	195.095347797970873
1.000000000000000	-115.407600521113849
2.000000000000000	17.175521720185788
3.000000000000000	-2.187659927883085
4.000000000000000	0.435747877615936
5.000000000000000	-0.158554288950766
6.000000000000000	0.034893762722073
7.000000000000000	0.064888260452814
