X40322
	2.7210856121446	3.53305696916707
0.000000000000000	11.562785540662635
1.000000000000000	-10.563797362850499
2.000000000000000	3.177129981091468
3.000000000000000	-0.639216630287421
4.000000000000000	0.054494264344624
5.000000000000000	0.008353873495861
	2.12983932435906	2.79594019596664
0.000000000000000	64.488901178063799
1.000000000000000	-53.193453597354541
2.000000000000000	10.948604366043693
3.000000000000000	-1.317019897603795
4.000000000000000	0.071204183925608
5.000000000000000	-0.000187112406249
	1.76135212952149	2.25139270777504
0.000000000000000	194.628742830198519
1.000000000000000	-115.055704674453551
2.000000000000000	17.236535925582903
3.000000000000000	-2.243454885789550
4.000000000000000	0.554380255075169
5.000000000000000	-0.187351124107549
6.000000000000000	0.070935382903579
7.000000000000000	-0.057804308725510
