X40315
	2.60276471348694	3.33094037898134
0.000000000000000	11.612062195283684
1.000000000000000	-10.589145835661283
2.000000000000000	3.133023900244799
3.000000000000000	-0.612502120901228
4.000000000000000	0.046022832926320
5.000000000000000	0.008645200480227
	2.05677500073377	2.67105339993907
0.000000000000000	64.638741559768675
1.000000000000000	-53.269938673882820
2.000000000000000	10.830968177161274
3.000000000000000	-1.261089714631455
4.000000000000000	0.049890727728348
5.000000000000000	0.006678146281840
	1.71195874186791	2.16959476691858
0.000000000000000	194.767043341765713
1.000000000000000	-115.046209769490460
2.000000000000000	17.143555543861790
3.000000000000000	-2.190434194521968
4.000000000000000	0.435487640208804
5.000000000000000	-0.225050523776834
6.000000000000000	0.115217323820043
7.000000000000000	-0.025511946189568
