X40374
	2.64863310121035	3.40201204822243
0.000000000000000	11.596103675640654
1.000000000000000	-10.586634652737922
2.000000000000000	3.147848155955926
3.000000000000000	-0.623300385162185
4.000000000000000	0.047245645472075
5.000000000000000	0.009300490420225
	2.09137959520833	2.71884559195514
0.000000000000000	64.507132293742160
1.000000000000000	-53.155218987872168
2.000000000000000	10.881119818471767
3.000000000000000	-1.302439741371918
4.000000000000000	0.070609280772863
5.000000000000000	-0.006382034251908
	1.74026302721689	2.20566830212942
0.000000000000000	194.858193435694971
1.000000000000000	-115.073340850845682
2.000000000000000	17.062880653795091
3.000000000000000	-2.167071269416176
4.000000000000000	0.522481507901025
5.000000000000000	-0.207861571227576
6.000000000000000	0.079091359522270
7.000000000000000	-0.048533783135118
