X40311
	2.63151415351548	3.38043123937568
0.000000000000000	11.597177843691286
1.000000000000000	-10.582915212443289
2.000000000000000	3.146728200289230
3.000000000000000	-0.618532182770511
4.000000000000000	0.047827366924804
5.000000000000000	0.008590400194520
	2.07465845008831	2.70135250254912
0.000000000000000	64.570841413400544
1.000000000000000	-53.219755265345348
2.000000000000000	10.870339337283266
3.000000000000000	-1.283565332804701
4.000000000000000	0.052888755930683
5.000000000000000	0.011906561729712
	1.72344187947724	2.18947989836744
0.000000000000000	195.047516802521727
1.000000000000000	-115.391479935236802
2.000000000000000	17.108361614703224
3.000000000000000	-2.122139857459750
4.000000000000000	0.484886532654058
5.000000000000000	-0.208330422087051
6.000000000000000	0.064395556376373
7.000000000000000	0.026292255205957
