X40538
	2.70044046530031	3.45872660974671
0.000000000000000	11.770032719884211
1.000000000000000	-10.559046462187084
2.000000000000000	3.028615031170096
3.000000000000000	-0.609574468265693
4.000000000000000	0.019010465107709
5.000000000000000	-0.007595186088411
	2.12466467547957	2.7732450308234
0.000000000000000	64.522127097717743
1.000000000000000	-53.212941257050687
2.000000000000000	10.922815218092744
3.000000000000000	-1.294058386270229
4.000000000000000	0.059968901150335
5.000000000000000	0.008629022778456
	1.76351199895659	2.24346087043564
0.000000000000000	194.847414370141592
1.000000000000000	-115.356742490378977
2.000000000000000	17.284527558132147
3.000000000000000	-2.139983341368510
4.000000000000000	0.401824637628737
5.000000000000000	-0.147205964057571
6.000000000000000	0.076811931371669
7.000000000000000	0.005888558188239
