X40569
	2.61692388177766	3.35777126241779
0.000000000000000	11.605101913281203
1.000000000000000	-10.590724093878052
2.000000000000000	3.138988471093197
3.000000000000000	-0.618287975888603
4.000000000000000	0.046130730563116
5.000000000000000	0.009156552194939
	2.06612785683003	2.68617274773686
0.000000000000000	64.544553348566310
1.000000000000000	-53.183998821687204
2.000000000000000	10.863994837151026
3.000000000000000	-1.289719983298639
4.000000000000000	0.060830779781200
5.000000000000000	0.002304348187270
	1.71985783979128	2.17914588662125
0.000000000000000	194.963368615890715
1.000000000000000	-115.259093567858983
2.000000000000000	17.180217821729780
3.000000000000000	-2.134887577490667
4.000000000000000	0.421373545390669
5.000000000000000	-0.161988830076314
6.000000000000000	0.017582619623479
7.000000000000000	-0.033246131757868
