X40542
	2.73921708236067	3.55879145288449
0.000000000000000	11.557658038073360
1.000000000000000	-10.560849917520025
2.000000000000000	3.180177478530658
3.000000000000000	-0.640346985731604
4.000000000000000	0.052890532871330
5.000000000000000	0.008397341940516
	2.14396848162068	2.81461886534859
0.000000000000000	64.443163855959028
1.000000000000000	-53.153916275118476
2.000000000000000	10.973535919627208
3.000000000000000	-1.347951272542499
4.000000000000000	0.090891660524937
5.000000000000000	-0.012546044233145
	1.77174346085118	2.26551871353271
0.000000000000000	194.884826193212433
1.000000000000000	-115.207866511106516
2.000000000000000	17.171051988859936
3.000000000000000	-2.230304314879261
4.000000000000000	0.524279421682681
5.000000000000000	-0.151202352781491
6.000000000000000	0.044727238771912
7.000000000000000	0.003330168877120
