X40541
	2.73499943920055	3.55222013862655
0.000000000000000	11.558274358842638
1.000000000000000	-10.559673276717559
2.000000000000000	3.177434810360614
3.000000000000000	-0.639334227656342
4.000000000000000	0.053036402163444
5.000000000000000	0.007645398909444
	2.14174430389896	2.81018052727907
0.000000000000000	64.411055483067059
1.000000000000000	-53.133480973796956
2.000000000000000	10.999467984430460
3.000000000000000	-1.371479801923507
4.000000000000000	0.100256386990087
5.000000000000000	-0.014871527211150
	1.77833665454644	2.2624375385819
0.000000000000000	193.212707748787125
1.000000000000000	-113.155468671850684
2.000000000000000	16.743283489441886
3.000000000000000	-2.113752878494682
4.000000000000000	0.450457263097893
5.000000000000000	-0.120615623253191
6.000000000000000	0.031255072788364
7.000000000000000	-0.036682176781125
