X40534
	2.74877887806274	3.5728324489042
0.000000000000000	11.575690445220925
1.000000000000000	-10.559265776751808
2.000000000000000	3.169629468393203
3.000000000000000	-0.638659808328897
4.000000000000000	0.054434346614425
5.000000000000000	0.008800571472006
	2.15013143498047	2.82502015812179
0.000000000000000	64.418281948675599
1.000000000000000	-53.153816581661317
2.000000000000000	10.991477235814495
3.000000000000000	-1.344407768688942
4.000000000000000	0.082842384843264
5.000000000000000	-0.001025447069407
	1.77885149208609	2.27290282082294
0.000000000000000	194.609970486568244
1.000000000000000	-115.248661207213288
2.000000000000000	17.425191770935072
3.000000000000000	-2.203930474874116
4.000000000000000	0.410006951030560
5.000000000000000	-0.127863847902159
6.000000000000000	0.081086842006371
7.000000000000000	0.021793672978216
