X40527
	2.53425334007596	3.24613448008098
0.000000000000000	11.540157005046687
1.000000000000000	-10.544550908239998
2.000000000000000	3.191594884725347
3.000000000000000	-0.658417790488320
4.000000000000000	0.060934748178934
5.000000000000000	0.006431966960594
	2.02616630842203	2.59920164475893
0.000000000000000	64.355027004940766
1.000000000000000	-53.156585929488529
2.000000000000000	11.106321893043676
3.000000000000000	-1.383347319297916
4.000000000000000	0.071477918767176
5.000000000000000	0.013616571994991
	1.71310236072399	2.12967339642796
0.000000000000000	194.652233957999613
1.000000000000000	-115.137558731362901
2.000000000000000	17.381611964345726
3.000000000000000	-2.278198334651778
4.000000000000000	0.481082593770294
5.000000000000000	-0.169453513988667
6.000000000000000	0.053592061906838
7.000000000000000	-0.036513161224879
