X40535
	2.74884793219501	3.5683808476814
0.000000000000000	11.572629383991858
1.000000000000000	-10.558498171105184
2.000000000000000	3.173409980143506
3.000000000000000	-0.640092097926821
4.000000000000000	0.053884509788924
5.000000000000000	0.009631176010612
	2.15301539281675	2.82464478237154
0.000000000000000	64.443713861016135
1.000000000000000	-53.161037130228721
2.000000000000000	10.962983933055423
3.000000000000000	-1.335027725565301
4.000000000000000	0.080296096924280
5.000000000000000	0.005536973558371
	1.78093144402041	2.27534685695255
0.000000000000000	194.654240759898613
1.000000000000000	-115.174445719759149
2.000000000000000	17.306276800372721
3.000000000000000	-2.201268037724165
4.000000000000000	0.445295938793290
5.000000000000000	-0.213303169232980
6.000000000000000	0.113583852364632
7.000000000000000	0.028245710799996
