X40531
	2.71642414644493	3.52036005502795
0.000000000000000	11.580769440230716
1.000000000000000	-10.565705371976977
2.000000000000000	3.165920779369828
3.000000000000000	-0.633949372163525
4.000000000000000	0.053028217191147
5.000000000000000	0.008479337929221
	2.12968283646754	2.79082322200921
0.000000000000000	64.456201580373985
1.000000000000000	-53.166426761929628
2.000000000000000	10.971864247812082
3.000000000000000	-1.338338795314521
4.000000000000000	0.073580018259024
5.000000000000000	0.005345529906843
	1.76454441638236	2.24972892453012
0.000000000000000	194.744810174737125
1.000000000000000	-115.200808149516689
2.000000000000000	17.416181986584839
3.000000000000000	-2.250133707888909
4.000000000000000	0.469331789959493
5.000000000000000	-0.158513251648550
6.000000000000000	0.085907540998328
7.000000000000000	-0.068707868325270
