X40567
	2.63132221043017	3.3752947440824
0.000000000000000	11.598343925662231
1.000000000000000	-10.586716738146691
2.000000000000000	3.150622311570037
3.000000000000000	-0.620610211106047
4.000000000000000	0.046394822510742
5.000000000000000	0.009929768999070
	2.08010657351356	2.70076435841545
0.000000000000000	64.599018648174862
1.000000000000000	-53.280549818257498
2.000000000000000	10.920862913920079
3.000000000000000	-1.293321769520381
4.000000000000000	0.037650114543758
5.000000000000000	0.038962151138122
	1.7342756406532	2.19375823367582
0.000000000000000	194.826009836080232
1.000000000000000	-115.058945635199834
2.000000000000000	17.219717615472508
3.000000000000000	-2.298756720796320
4.000000000000000	0.529085763735418
5.000000000000000	-0.195467579496788
6.000000000000000	0.063442454690559
7.000000000000000	-0.128769356821606
