X40539
	2.71231910803081	3.47834162723001
0.000000000000000	11.761102631162704
1.000000000000000	-10.553958918495978
2.000000000000000	3.035001288969989
3.000000000000000	-0.614539586735547
4.000000000000000	0.020569599087724
5.000000000000000	-0.007998212984319
	2.13191439067257	2.78569079015122
0.000000000000000	64.538726840651037
1.000000000000000	-53.229582511310731
2.000000000000000	10.913949292589889
3.000000000000000	-1.283874884714037
4.000000000000000	0.056216230736715
5.000000000000000	0.012486639563767
	1.76669066208448	2.25168867839956
0.000000000000000	194.916542354649152
1.000000000000000	-115.306584745304988
2.000000000000000	17.144175838977031
3.000000000000000	-2.104266821613058
4.000000000000000	0.411445138312095
5.000000000000000	-0.160019361729711
6.000000000000000	0.055323186622463
7.000000000000000	0.020062928715649
