X40525
	2.64623295511993	3.44444024091674
0.000000000000000	11.475222494729135
1.000000000000000	-10.502299398471566
2.000000000000000	3.242862829336053
3.000000000000000	-0.694601918395690
4.000000000000000	0.073935282559070
5.000000000000000	0.006094206752167
	2.09616488919225	2.71753560949111
0.000000000000000	64.179786700308043
1.000000000000000	-53.055622567720285
2.000000000000000	11.196651046942684
3.000000000000000	-1.418311138997483
4.000000000000000	0.091125479309358
5.000000000000000	-0.007061886013418
	1.7585116880376	2.2071747360029
0.000000000000000	194.713684574801959
1.000000000000000	-115.083077343690974
2.000000000000000	17.227909551465864
3.000000000000000	-2.202773030251539
4.000000000000000	0.532633601576978
5.000000000000000	-0.136022465596511
6.000000000000000	0.039250355126049
7.000000000000000	-0.060929709024979
