X40528
	2.63279131736453	3.38663449600224
0.000000000000000	11.592210004526700
1.000000000000000	-10.580680852988101
2.000000000000000	3.151267126227569
3.000000000000000	-0.623395019202319
4.000000000000000	0.048506197125108
5.000000000000000	0.007103327417748
	2.0749753969644	2.70294843390562
0.000000000000000	64.545611217680943
1.000000000000000	-53.217591242299107
2.000000000000000	10.914451769612228
3.000000000000000	-1.312914342336927
4.000000000000000	0.059402765414655
5.000000000000000	0.015414465041854
	1.72594942733183	2.18992876622174
0.000000000000000	194.799684940876602
1.000000000000000	-115.254486567742248
2.000000000000000	17.248697997440065
3.000000000000000	-2.197864147951849
4.000000000000000	0.526109164900406
5.000000000000000	-0.194082158921782
6.000000000000000	0.006950261816330
7.000000000000000	0.024212993588259
