X40572
	2.64629598233853	3.40280722523006
0.000000000000000	11.598630594675679
1.000000000000000	-10.585046722920888
2.000000000000000	3.149603560829118
3.000000000000000	-0.622459410538134
4.000000000000000	0.047456047179574
5.000000000000000	0.010130972233379
	2.08753290473033	2.71688305094154
0.000000000000000	64.496541933210210
1.000000000000000	-53.162495022781080
2.000000000000000	10.904879587664809
3.000000000000000	-1.311928169936974
4.000000000000000	0.070475904051920
5.000000000000000	-0.003430328154107
	1.73531116414098	2.20197738003942
0.000000000000000	195.043711834070194
1.000000000000000	-115.323205383501502
2.000000000000000	17.137418778604754
3.000000000000000	-2.170250590351944
4.000000000000000	0.464822992002877
5.000000000000000	-0.192618725404512
6.000000000000000	0.067892565406442
7.000000000000000	-0.015038931553428
