X40533
	2.73933202373175	3.54773355372848
0.000000000000000	11.571458323215019
1.000000000000000	-10.557959129586434
2.000000000000000	3.174667219611974
3.000000000000000	-0.641077657212852
4.000000000000000	0.054398098712675
5.000000000000000	0.009706270373799
	2.14962038780217	2.8141151223737
0.000000000000000	64.504498427250027
1.000000000000000	-53.199178707180039
2.000000000000000	10.915236051553133
3.000000000000000	-1.301054660448085
4.000000000000000	0.069571047153674
5.000000000000000	0.005187009670740
	1.77927425797934	2.27114871437337
0.000000000000000	194.792637906358578
1.000000000000000	-115.282552727217052
2.000000000000000	17.261757263533664
3.000000000000000	-2.197026168066535
4.000000000000000	0.457690590501353
5.000000000000000	-0.211923380828753
6.000000000000000	0.117920042784361
7.000000000000000	0.044694984595145
