X40563
	2.64782646734851	3.39941883868904
0.000000000000000	11.593559478490064
1.000000000000000	-10.583267049783943
2.000000000000000	3.153022928155775
3.000000000000000	-0.621977918462410
4.000000000000000	0.046862273226152
5.000000000000000	0.009574777223131
	2.09108123229643	2.7179039775154
0.000000000000000	64.614865390427369
1.000000000000000	-53.291778119020869
2.000000000000000	10.901761309544238
3.000000000000000	-1.279270096685385
4.000000000000000	0.036039236453253
5.000000000000000	0.031613993151071
	1.74096751671997	2.20609494521265
0.000000000000000	194.891776445081518
1.000000000000000	-115.137218113823195
2.000000000000000	17.162109479647849
3.000000000000000	-2.237597045970146
4.000000000000000	0.519198790768040
5.000000000000000	-0.212586228544931
6.000000000000000	0.090731950370790
7.000000000000000	-0.067376342053474
