X40565
	2.66028670329623	3.43012901151487
0.000000000000000	11.582727292470322
1.000000000000000	-10.574791278952519
2.000000000000000	3.159758301275859
3.000000000000000	-0.629058370283888
4.000000000000000	0.049991407619180
5.000000000000000	0.009162549962708
	2.09410337746931	2.73180755741985
0.000000000000000	64.520805435436657
1.000000000000000	-53.218253265210230
2.000000000000000	10.932670132638947
3.000000000000000	-1.298886223904832
4.000000000000000	0.053358531167009
5.000000000000000	0.007210070690120
	1.74014643597295	2.21056069923606
0.000000000000000	194.720096504935043
1.000000000000000	-115.100008520107991
2.000000000000000	17.228661797303769
3.000000000000000	-2.207940218163934
4.000000000000000	0.509799136459861
5.000000000000000	-0.137207614537643
6.000000000000000	0.030579121437153
7.000000000000000	0.005540890028294
