X40530
	2.75322012969624	3.58987902776252
0.000000000000000	11.569152353439000
1.000000000000000	-10.558792644217785
2.000000000000000	3.175783837191362
3.000000000000000	-0.641044457288696
4.000000000000000	0.055510891325520
5.000000000000000	0.008571057049359
	2.14848974824134	2.83042606970168
0.000000000000000	64.393973049435360
1.000000000000000	-53.154785223198232
2.000000000000000	11.039913885067277
3.000000000000000	-1.359593344876713
4.000000000000000	0.076508311340039
5.000000000000000	0.006626667132873
	1.77636109560203	2.27162215110037
0.000000000000000	194.587019641537722
1.000000000000000	-115.093667628171801
2.000000000000000	17.505188754617560
3.000000000000000	-2.278616965595130
4.000000000000000	0.506179842237214
5.000000000000000	-0.217158597360703
6.000000000000000	0.053638397738131
7.000000000000000	0.011145713628289
