X40523
	2.5361849023442	3.26249532381178
0.000000000000000	11.522094875559443
1.000000000000000	-10.529251140500518
2.000000000000000	3.203625310339565
3.000000000000000	-0.667506168166797
4.000000000000000	0.064921203187596
5.000000000000000	0.007385128507521
	2.02528578892374	2.60210054168204
0.000000000000000	64.172184088978241
1.000000000000000	-53.011496366442351
2.000000000000000	11.161908748914504
3.000000000000000	-1.430122335091569
4.000000000000000	0.100835493600616
5.000000000000000	-0.017001135943131
	1.71109887816952	2.12823275724967
0.000000000000000	194.766148217186668
1.000000000000000	-115.221113030365188
2.000000000000000	17.316195463233782
3.000000000000000	-2.234155573904781
4.000000000000000	0.538774752450842
5.000000000000000	-0.121485193356278
6.000000000000000	0.022922142226293
7.000000000000000	-0.004385664003873
