X40570
	2.69063993254325	3.48644082244975
0.000000000000000	11.577700363445082
1.000000000000000	-10.574781155657631
2.000000000000000	3.162064453112627
3.000000000000000	-0.634404579296773
4.000000000000000	0.051667879250837
5.000000000000000	0.008277620794471
	2.11009426476134	2.76433022352968
0.000000000000000	64.398610112456907
1.000000000000000	-53.103101130153107
2.000000000000000	10.970495006403249
3.000000000000000	-1.345443543572597
4.000000000000000	0.083827190510472
5.000000000000000	-0.017567341094464
	1.74850742618188	2.22845243498394
0.000000000000000	194.831432395405045
1.000000000000000	-115.300490812547736
2.000000000000000	17.344681460784372
3.000000000000000	-2.215272229040151
4.000000000000000	0.455196441688784
5.000000000000000	-0.118315613896948
6.000000000000000	0.018753190699742
7.000000000000000	0.005112858527193
