X40526
	2.64864431735089	3.40058191566874
0.000000000000000	11.590755856109242
1.000000000000000	-10.580564243520593
2.000000000000000	3.153136263231096
3.000000000000000	-0.624020648413059
4.000000000000000	0.048394549783213
5.000000000000000	0.007359441162371
	2.09094387986225	2.71858804094368
0.000000000000000	64.598401788776201
1.000000000000000	-53.258806892984531
2.000000000000000	10.895787221178743
3.000000000000000	-1.301719089211347
4.000000000000000	0.063532205019170
5.000000000000000	0.017896106081107
	1.74002910221119	2.2057972151258
0.000000000000000	194.982599636540641
1.000000000000000	-115.238734936169450
2.000000000000000	17.074122327187759
3.000000000000000	-2.171016346198729
4.000000000000000	0.454257850742328
5.000000000000000	-0.180361981404383
6.000000000000000	0.038971519217634
7.000000000000000	0.042752688309455
