X40536
	2.77441074401672	3.58733901941437
0.000000000000000	11.730571462426139
1.000000000000000	-10.535169372840656
2.000000000000000	3.061943733535065
3.000000000000000	-0.632174852991249
4.000000000000000	0.025708626684129
5.000000000000000	-0.007829994060375
	2.16844833534215	2.85144572776816
0.000000000000000	64.473192777306338
1.000000000000000	-53.207002726339098
2.000000000000000	10.977843334998411
3.000000000000000	-1.308683221889411
4.000000000000000	0.060755747896171
5.000000000000000	0.013638802968212
	1.79059785608498	2.29323803911188
0.000000000000000	194.708053753092173
1.000000000000000	-115.238161771007583
2.000000000000000	17.315937817402048
3.000000000000000	-2.177980903518695
4.000000000000000	0.445822061070423
5.000000000000000	-0.183268645962488
6.000000000000000	0.086479803606206
7.000000000000000	0.009297705089290
