X40571
	2.62883997370064	3.36586933949435
0.000000000000000	11.607427642139188
1.000000000000000	-10.588890631498300
2.000000000000000	3.140380806207935
3.000000000000000	-0.616844139739377
4.000000000000000	0.046387094047957
5.000000000000000	0.009746329950299
	2.08020020748339	2.69783193977719
0.000000000000000	64.565225622139906
1.000000000000000	-53.211909426920990
2.000000000000000	10.868726766453570
3.000000000000000	-1.287133643199104
4.000000000000000	0.052980556711075
5.000000000000000	0.013314507241923
	1.73280236733008	2.19299289807329
0.000000000000000	195.112375230723074
1.000000000000000	-115.323463549697237
2.000000000000000	17.097214357370174
3.000000000000000	-2.162192673775665
4.000000000000000	0.443728764884166
5.000000000000000	-0.150668226259500
6.000000000000000	-0.009120584486230
7.000000000000000	-0.032009108775327
