X40566
	2.60004612013227	3.33429752582804
0.000000000000000	11.608265100179624
1.000000000000000	-10.590519260283399
2.000000000000000	3.139887150886501
3.000000000000000	-0.614677279622270
4.000000000000000	0.045110297656697
5.000000000000000	0.009480134537320
	2.05317463098023	2.66884829660092
0.000000000000000	64.615159244505406
1.000000000000000	-53.290714261422309
2.000000000000000	10.904355029640586
3.000000000000000	-1.287054259450966
4.000000000000000	0.041173402197046
5.000000000000000	0.037901004151578
	1.71063854427317	2.1660859760393
0.000000000000000	194.640864777346792
1.000000000000000	-114.870615258343008
2.000000000000000	17.202017487034741
3.000000000000000	-2.280923022389076
4.000000000000000	0.537810896495966
5.000000000000000	-0.251425446896008
6.000000000000000	0.127683445397114
7.000000000000000	-0.138481266990202
