X40537
	2.70701194493253	3.50801821084001
0.000000000000000	11.587246591750473
1.000000000000000	-10.570311047047928
2.000000000000000	3.161831429815398
3.000000000000000	-0.630448241481636
4.000000000000000	0.051288235036393
5.000000000000000	0.009344547380675
	2.12090630247678	2.78134477591951
0.000000000000000	64.490557233046815
1.000000000000000	-53.198454338409739
2.000000000000000	10.957538380356356
3.000000000000000	-1.319118048980275
4.000000000000000	0.062159945487250
5.000000000000000	0.013695402918297
	1.75502402466809	2.24106076547166
0.000000000000000	194.931611619654404
1.000000000000000	-115.334903591708269
2.000000000000000	17.274825299503870
3.000000000000000	-2.142048330300958
4.000000000000000	0.456552126478194
5.000000000000000	-0.198290533039161
6.000000000000000	0.081998505966780
7.000000000000000	0.018864911696445
