X40568
	2.61120597720549	3.33984863807421
0.000000000000000	11.615317765063823
1.000000000000000	-10.593885071536189
2.000000000000000	3.134730785709894
3.000000000000000	-0.612811930536422
4.000000000000000	0.044817945007259
5.000000000000000	0.010254049655027
	2.06743659603	2.67952729142818
0.000000000000000	64.566230180601096
1.000000000000000	-53.205408454403248
2.000000000000000	10.866898517855864
3.000000000000000	-1.294912471266098
4.000000000000000	0.064609916275691
5.000000000000000	0.003132781829575
	1.72360169850022	2.17922681043863
0.000000000000000	195.004464833932388
1.000000000000000	-115.232052747445053
2.000000000000000	17.082337833250584
3.000000000000000	-2.180804946476341
4.000000000000000	0.467515863431507
5.000000000000000	-0.169995787496752
6.000000000000000	0.027139377057136
7.000000000000000	-0.001934490995255
