X40564
	2.64922129435969	3.42108712985776
0.000000000000000	11.588602339803165
1.000000000000000	-10.576107660810647
2.000000000000000	3.151918955250734
3.000000000000000	-0.625421595483784
4.000000000000000	0.050054619248228
5.000000000000000	0.008078323708737
	2.08142623707449	2.7209998543669
0.000000000000000	64.485860808096149
1.000000000000000	-53.201736057314399
2.000000000000000	10.964815879135751
3.000000000000000	-1.315740053947521
4.000000000000000	0.057212341583516
5.000000000000000	0.009912209398899
	1.73076298223019	2.19785361404439
0.000000000000000	194.364785341246545
1.000000000000000	-114.809891413397963
2.000000000000000	17.386348366522451
3.000000000000000	-2.225892380697324
4.000000000000000	0.497137225372732
5.000000000000000	-0.190797015243770
6.000000000000000	0.084750885411209
7.000000000000000	-0.081492543346781
