X40613
	2.67361415741254	3.4442319458831
0.000000000000000	11.584327545215404
1.000000000000000	-10.573924054604650
2.000000000000000	3.159372301760430
3.000000000000000	-0.627792150255871
4.000000000000000	0.049768645063941
5.000000000000000	0.009687515657635
	2.10672892577024	2.7453271558178
0.000000000000000	64.507030852964547
1.000000000000000	-53.202840697525268
2.000000000000000	10.917033450636158
3.000000000000000	-1.299607212925512
4.000000000000000	0.070533332522551
5.000000000000000	-0.006681256970167
	1.74994197716992	2.22305950629341
0.000000000000000	194.930200378760645
1.000000000000000	-115.186366615300372
2.000000000000000	17.079393248876030
3.000000000000000	-2.112903382596184
4.000000000000000	0.444018176243384
5.000000000000000	-0.206331329946297
6.000000000000000	0.083336875784800
7.000000000000000	-0.025556594364635
