X40616
	2.63933602399647	3.38188494831023
0.000000000000000	11.626424094546238
1.000000000000000	-10.582354386728877
2.000000000000000	3.130224123444545
3.000000000000000	-0.613766159286748
4.000000000000000	0.044145762701036
5.000000000000000	0.011192519147660
	2.08586530787019	2.70905460949553
0.000000000000000	64.526278139754595
1.000000000000000	-53.160828801365341
2.000000000000000	10.849141066844458
3.000000000000000	-1.286036591047753
4.000000000000000	0.073771925697412
5.000000000000000	-0.013532382077636
	1.73610036390236	2.19994420774699
0.000000000000000	194.789651846142618
1.000000000000000	-115.193517140002697
2.000000000000000	17.161296152428982
3.000000000000000	-2.171964046462953
4.000000000000000	0.485862907145675
5.000000000000000	-0.221588421072335
6.000000000000000	0.176719349879638
7.000000000000000	-0.051093645337740
