X40617
	2.56452209603026	3.27762085186521
0.000000000000000	11.624040368693763
1.000000000000000	-10.595316198824406
2.000000000000000	3.120151914804987
3.000000000000000	-0.605524857231500
4.000000000000000	0.044799316852483
5.000000000000000	0.009294285446899
	2.02936092588837	2.63169458281406
0.000000000000000	64.545530475782002
1.000000000000000	-53.185522982914776
2.000000000000000	10.854837021559375
3.000000000000000	-1.293354089133479
4.000000000000000	0.070067036229082
5.000000000000000	-0.003493326944904
	1.69342450786473	2.13966645035326
0.000000000000000	194.655232022831939
1.000000000000000	-115.168530385086583
2.000000000000000	17.358462746373998
3.000000000000000	-2.255699599134653
4.000000000000000	0.519041457095028
5.000000000000000	-0.183084258778726
6.000000000000000	0.062949706792740
7.000000000000000	0.020836434240366
