X40615
	2.67926696887148	3.4502618920975
0.000000000000000	11.610901690371790
1.000000000000000	-10.573591450401182
2.000000000000000	3.143281834758266
3.000000000000000	-0.622376111171346
4.000000000000000	0.046960043248106
5.000000000000000	0.011174298722635
	2.10943547949516	2.75133033077032
0.000000000000000	64.507851911704932
1.000000000000000	-53.178187191519122
2.000000000000000	10.891434624551389
3.000000000000000	-1.287333097956742
4.000000000000000	0.062117714845908
5.000000000000000	0.000211488093849
	1.75106051569568	2.2267764480435
0.000000000000000	194.842498764223961
1.000000000000000	-115.270214884741250
2.000000000000000	17.211728412750848
3.000000000000000	-2.148088229556445
4.000000000000000	0.467718613977333
5.000000000000000	-0.208425890678119
6.000000000000000	0.132404300686249
7.000000000000000	-0.029425216999959
