X40614
	2.6282061506937	3.36293415109859
0.000000000000000	11.630049721443964
1.000000000000000	-10.583883966680974
2.000000000000000	3.126168587720488
3.000000000000000	-0.611484718486584
4.000000000000000	0.044253497938874
5.000000000000000	0.010602596286570
	2.07876770945151	2.69722843579841
0.000000000000000	64.569038168821677
1.000000000000000	-53.198707652732466
2.000000000000000	10.840002304304951
3.000000000000000	-1.271828483985495
4.000000000000000	0.058401455843824
5.000000000000000	0.003316736775455
	1.73184346583783	2.1923474349853
0.000000000000000	194.814632597443420
1.000000000000000	-115.270611553922691
2.000000000000000	17.211264412883594
3.000000000000000	-2.113430818294920
4.000000000000000	0.395287773998466
5.000000000000000	-0.168740996231086
6.000000000000000	0.108722317382630
7.000000000000000	0.002057044682309
