X40730
	2.71156180440814	3.61882205616041
0.000000000000000	11.541805532245716
1.000000000000000	-10.525986880944744
2.000000000000000	3.174176198185649
3.000000000000000	-0.664066909992550
4.000000000000000	0.073512819300126
5.000000000000000	0.000570891022477
	2.10051600940509	2.79378446372247
0.000000000000000	63.756319262677096
1.000000000000000	-52.936041057788636
2.000000000000000	11.650540207754627
3.000000000000000	-1.576417136462377
4.000000000000000	0.099332202128891
5.000000000000000	0.006123074245156
	1.74066422205067	2.22135898894009
0.000000000000000	194.193728303869164
1.000000000000000	-114.989437035625755
2.000000000000000	17.788778467021611
3.000000000000000	-2.320287342727442
4.000000000000000	0.486005452171215
5.000000000000000	-0.219871077931944
6.000000000000000	0.105971584952944
7.000000000000000	-0.028860311726627
