X40731
	2.53671325863163	3.32886915042793
0.000000000000000	11.580309556029635
1.000000000000000	-10.548532587972401
2.000000000000000	3.139913386901438
3.000000000000000	-0.643602922387507
4.000000000000000	0.069748554482420
5.000000000000000	0.000306284577893
	1.99668531145046	2.60937451732808
0.000000000000000	63.721710828415226
1.000000000000000	-52.894391852451079
2.000000000000000	11.647224127364645
3.000000000000000	-1.574999258183711
4.000000000000000	0.089973151901385
5.000000000000000	-0.004867067850828
	1.6771089621895	2.10335818677388
0.000000000000000	194.338472203860647
1.000000000000000	-115.060221182503497
2.000000000000000	17.691314742916663
3.000000000000000	-2.346722909521673
4.000000000000000	0.586568583390488
5.000000000000000	-0.159493251753438
6.000000000000000	0.034604768138538
7.000000000000000	-0.052699975693138
