X40732
	2.61744314812353	3.47277722622861
0.000000000000000	11.554543572622910
1.000000000000000	-10.528413304621246
2.000000000000000	3.164547864632450
3.000000000000000	-0.665885632837226
4.000000000000000	0.076527806949620
5.000000000000000	0.000569650215819
	2.04833053532687	2.69505464970705
0.000000000000000	63.575566497098045
1.000000000000000	-52.811801524158348
2.000000000000000	11.757415724681064
3.000000000000000	-1.645988698663524
4.000000000000000	0.134075715640997
5.000000000000000	-0.025741548154790
	1.71534212829879	2.1602170657549
0.000000000000000	194.007030716933002
1.000000000000000	-115.005191747665307
2.000000000000000	17.940173159486246
3.000000000000000	-2.387086469096289
4.000000000000000	0.534124355672493
5.000000000000000	-0.224700007540760
6.000000000000000	0.157962026354625
7.000000000000000	-0.038528575256795
