X40733
	2.52347987902797	3.30233391417808
0.000000000000000	11.602409540436989
1.000000000000000	-10.555556241245732
2.000000000000000	3.123258340624179
3.000000000000000	-0.637820215946888
4.000000000000000	0.067946222092550
5.000000000000000	0.000747890132814
	1.988970672588	2.59522551910523
0.000000000000000	63.717058400790329
1.000000000000000	-52.859352823866423
2.000000000000000	11.627470261761266
3.000000000000000	-1.600544606963600
4.000000000000000	0.126013318618873
5.000000000000000	-0.022645598855923
	1.67179577963358	2.09471863739937
0.000000000000000	194.201826403079423
1.000000000000000	-115.068608969273782
2.000000000000000	17.750739017104603
3.000000000000000	-2.365943965063220
4.000000000000000	0.541925545414617
5.000000000000000	-0.220534624855095
6.000000000000000	0.147287305988610
7.000000000000000	0.037749928071837
