X40899
	2.66674545758318	3.43188856527265
0.000000000000000	11.583287401163309
1.000000000000000	-10.575565336319084
2.000000000000000	3.159142036936371
3.000000000000000	-0.627044026582022
4.000000000000000	0.048382906096895
5.000000000000000	0.008780821455533
	2.10258986581553	2.73784836956915
0.000000000000000	64.519577686600726
1.000000000000000	-53.193226492775935
2.000000000000000	10.906945081739110
3.000000000000000	-1.306277112180504
4.000000000000000	0.065716479591280
5.000000000000000	0.006167933145987
	1.74910907234131	2.21855496138356
0.000000000000000	194.830805169501559
1.000000000000000	-115.231298547727249
2.000000000000000	17.269499783387811
3.000000000000000	-2.205703592980530
4.000000000000000	0.486979513629360
5.000000000000000	-0.150828669133952
6.000000000000000	0.016716564843685
7.000000000000000	-0.003921771646195
