X40897
	2.63060410993382	3.3711481217157
0.000000000000000	11.597386310252007
1.000000000000000	-10.583670542852294
2.000000000000000	3.147461522686672
3.000000000000000	-0.620046085943767
4.000000000000000	0.048428744241915
5.000000000000000	0.008579595065271
	2.08035327161295	2.6997068890348
0.000000000000000	64.539244220853178
1.000000000000000	-53.182424778159550
2.000000000000000	10.865392399960553
3.000000000000000	-1.295999683140682
4.000000000000000	0.071415570459004
5.000000000000000	-0.007200859004121
	1.73306591330923	2.19318002304288
0.000000000000000	194.936979154095212
1.000000000000000	-115.092055697571581
2.000000000000000	17.019279079036895
3.000000000000000	-2.152183820684414
4.000000000000000	0.518199615642622
5.000000000000000	-0.226188614872307
6.000000000000000	0.090946052250476
7.000000000000000	-0.086501374596096
