X40898
	2.54730937970238	3.24682297902211
0.000000000000000	11.625209221956590
1.000000000000000	-10.597006616751012
2.000000000000000	3.120971751369619
3.000000000000000	-0.603222252364709
4.000000000000000	0.042106958896303
5.000000000000000	0.008809493149830
	2.02009055159566	2.6132150664767
0.000000000000000	64.603350279923944
1.000000000000000	-53.224554372641364
2.000000000000000	10.834100388889707
3.000000000000000	-1.288339472755975
4.000000000000000	0.066578594173495
5.000000000000000	-0.003378567634699
	1.68791840310022	2.12878731062889
0.000000000000000	194.824086183760869
1.000000000000000	-115.122704960174516
2.000000000000000	17.119779810618727
3.000000000000000	-2.204299015838869
4.000000000000000	0.507298960126002
5.000000000000000	-0.171384002343641
6.000000000000000	0.076199831745185
7.000000000000000	-0.027739296882247
