X40944
	2.74520387346186	3.56998478964976
0.000000000000000	11.583564627623398
1.000000000000000	-10.556455718191586
2.000000000000000	3.165047061011233
3.000000000000000	-0.638115984131832
4.000000000000000	0.051957713326003
5.000000000000000	0.010285525787642
	2.14545137434269	2.82151248688282
0.000000000000000	64.431896695799878
1.000000000000000	-53.157186518826812
2.000000000000000	10.974559709809611
3.000000000000000	-1.319487148985912
4.000000000000000	0.070003691982382
5.000000000000000	-0.000684300362561
	1.77196891928814	2.26850093393874
0.000000000000000	194.662552467211384
1.000000000000000	-115.192650352733693
2.000000000000000	17.330228691868953
3.000000000000000	-2.178736711866283
4.000000000000000	0.445181041021441
5.000000000000000	-0.177682725323650
6.000000000000000	0.118735899607901
7.000000000000000	-0.031583828116049
