X40916
	2.64026252521481	3.39063385472958
0.000000000000000	11.591272970706999
1.000000000000000	-10.580599886290672
2.000000000000000	3.152289107498067
3.000000000000000	-0.621219009178365
4.000000000000000	0.048189709564747
5.000000000000000	0.009308406553701
	2.0846455093222	2.71015833755121
0.000000000000000	64.558894083561228
1.000000000000000	-53.214970596391460
2.000000000000000	10.868139600126526
3.000000000000000	-1.274494381148843
4.000000000000000	0.052721536424770
5.000000000000000	0.001746461246678
	1.73551578502571	2.19945869202403
0.000000000000000	194.664972537241993
1.000000000000000	-115.073845515614792
2.000000000000000	17.154250220352843
3.000000000000000	-2.151894205489677
4.000000000000000	0.497184719598947
5.000000000000000	-0.143395754405245
6.000000000000000	0.054607816798933
7.000000000000000	-0.017328037112559
