X40917
	2.64062241569034	3.40072947362895
0.000000000000000	11.598737630853364
1.000000000000000	-10.578547379178366
2.000000000000000	3.144352454570560
3.000000000000000	-0.620630670032790
4.000000000000000	0.048783185302410
5.000000000000000	0.008654547886801
	2.07859103708274	2.71148892214211
0.000000000000000	64.505052466797920
1.000000000000000	-53.184070145514411
2.000000000000000	10.914894296214017
3.000000000000000	-1.309675780564237
4.000000000000000	0.069537339978473
5.000000000000000	-0.002514493844642
	1.72733040223698	2.19372726470643
0.000000000000000	194.792437823268756
1.000000000000000	-115.203223314931918
2.000000000000000	17.325682947870291
3.000000000000000	-2.205853819984252
4.000000000000000	0.416042970693900
5.000000000000000	-0.180440602784471
6.000000000000000	0.093895205858655
7.000000000000000	0.006923890699375
