X40945
	2.75246480960198	3.57833562027308
0.000000000000000	11.549935396319800
1.000000000000000	-10.556119174862852
2.000000000000000	3.186272382887970
3.000000000000000	-0.646534204676828
4.000000000000000	0.055223166249011
5.000000000000000	0.006616930069575
	2.15499989103501	2.82818450926195
0.000000000000000	64.456032027861681
1.000000000000000	-53.195900786258406
2.000000000000000	11.022606611266704
3.000000000000000	-1.360901005552908
4.000000000000000	0.075541324203169
5.000000000000000	0.018716407359830
	1.78460024855768	2.27735764025847
0.000000000000000	194.733643438604957
1.000000000000000	-115.321901593730629
2.000000000000000	17.475772291459243
3.000000000000000	-2.288353711467456
4.000000000000000	0.347606723592780
5.000000000000000	0.016162227085390
6.000000000000000	-0.159406658030723
7.000000000000000	0.215658901037635
