X40903
	2.62573155896347	3.3695243196372
0.000000000000000	11.597175916573336
1.000000000000000	-10.586036631861557
2.000000000000000	3.149527880058068
3.000000000000000	-0.618944773978621
4.000000000000000	0.048151623267179
5.000000000000000	0.010575026145006
	2.074519095744	2.69523029084094
0.000000000000000	64.507079413131606
1.000000000000000	-53.163916289320056
2.000000000000000	10.884675532351160
3.000000000000000	-1.304350199697349
4.000000000000000	0.068165076521521
5.000000000000000	-0.003815603713216
	1.72595146800697	2.18735111546819
0.000000000000000	195.087019778713880
1.000000000000000	-115.231251579552378
2.000000000000000	17.020866269605541
3.000000000000000	-2.213876624305340
4.000000000000000	0.494629081269901
5.000000000000000	-0.167196857362206
6.000000000000000	0.052372373489903
7.000000000000000	0.001061457182113
