X40905
	2.63292949513604	3.39399757073669
0.000000000000000	11.597870565278900
1.000000000000000	-10.582927298052429
2.000000000000000	3.145898191452881
3.000000000000000	-0.619248689251189
4.000000000000000	0.048811044394088
5.000000000000000	0.007278775399918
	2.07092310932789	2.7039317008995
0.000000000000000	64.490610187010333
1.000000000000000	-53.191536467285125
2.000000000000000	10.944504363196508
3.000000000000000	-1.313219574191878
4.000000000000000	0.059984063710770
5.000000000000000	-0.001122155997751
	1.72245622025873	2.18620677102573
0.000000000000000	194.595565906236601
1.000000000000000	-115.035445384178118
2.000000000000000	17.286094681640815
3.000000000000000	-2.202756917406933
4.000000000000000	0.527022512043927
5.000000000000000	-0.176297637934747
6.000000000000000	0.051309662769528
7.000000000000000	-0.039364210541784
