X40951
	2.73863571138758	3.55841979468537
0.000000000000000	11.560402570281942
1.000000000000000	-10.559928681824363
2.000000000000000	3.176214928893167
3.000000000000000	-0.641721998312405
4.000000000000000	0.054190283746244
5.000000000000000	0.008163761235006
	2.14434280243705	2.81411174422442
0.000000000000000	64.427219180885444
1.000000000000000	-53.166634074569742
2.000000000000000	11.005222534283916
3.000000000000000	-1.346007960934628
4.000000000000000	0.079840060884798
5.000000000000000	-0.004945210882202
	1.7788628376686	2.26627194822965
0.000000000000000	193.837439854066673
1.000000000000000	-114.275849686990170
2.000000000000000	17.243376468688627
3.000000000000000	-2.284179583279356
4.000000000000000	0.626331852479172
5.000000000000000	-0.256755017519171
6.000000000000000	0.199469174904518
7.000000000000000	-0.160622250025088
