X40941
	2.76988021813755	3.61873314178264
0.000000000000000	11.542687666654585
1.000000000000000	-10.551830723396563
2.000000000000000	3.193694347610467
3.000000000000000	-0.650008900083137
4.000000000000000	0.057244044117099
5.000000000000000	0.008066362142534
	2.16011440826722	2.84772305074664
0.000000000000000	64.378082446613163
1.000000000000000	-53.129472153812699
2.000000000000000	11.013629166633553
3.000000000000000	-1.345813440449739
4.000000000000000	0.083589351675933
5.000000000000000	-0.014354038540512
	1.78404677284059	2.28448271070738
0.000000000000000	194.550136166459623
1.000000000000000	-115.078039773470394
2.000000000000000	17.412607292534759
3.000000000000000	-2.257412107216099
4.000000000000000	0.545803565078065
5.000000000000000	-0.193341034630051
6.000000000000000	0.062785141561924
7.000000000000000	-0.047949786857780
