X40946
	2.75917623976694	3.59886653664807
0.000000000000000	11.545400559304909
1.000000000000000	-10.551307815245011
2.000000000000000	3.186992721161961
3.000000000000000	-0.646618524571697
4.000000000000000	0.056903808630776
5.000000000000000	0.007861340406340
	2.15374153095884	2.8362576116466
0.000000000000000	64.405769562870049
1.000000000000000	-53.160456813987743
2.000000000000000	11.012576551154305
3.000000000000000	-1.340408648469083
4.000000000000000	0.072348556644985
5.000000000000000	0.000820685369644
	1.7779839424029	2.27799917083956
0.000000000000000	194.656450545655616
1.000000000000000	-115.245050511830044
2.000000000000000	17.339782625284361
3.000000000000000	-2.166318551267417
4.000000000000000	0.499083407535440
5.000000000000000	-0.132536874112325
6.000000000000000	0.063714307475013
7.000000000000000	-0.001791880729849
