X40954
	2.73527099537404	3.5598459248504
0.000000000000000	11.564177711604119
1.000000000000000	-10.562659210820723
2.000000000000000	3.173935961562253
3.000000000000000	-0.640113928318298
4.000000000000000	0.053713466070028
5.000000000000000	0.008350850636477
	2.13764197344842	2.81128594971926
0.000000000000000	64.438066504719487
1.000000000000000	-53.193466770316320
2.000000000000000	11.021280789093103
3.000000000000000	-1.334676712252765
4.000000000000000	0.059948447862741
5.000000000000000	0.010271023499192
	1.76957773479896	2.26051330825865
0.000000000000000	193.990492937966763
1.000000000000000	-114.415005093511254
2.000000000000000	17.189428275184124
3.000000000000000	-2.301273628141177
4.000000000000000	0.681020264047279
5.000000000000000	-0.268628958128415
6.000000000000000	0.199164806319487
7.000000000000000	-0.109354438476550
