X40950
	2.73272242048174	3.53236083692052
0.000000000000000	11.560764114294248
1.000000000000000	-10.563314829344717
2.000000000000000	3.179379079278049
3.000000000000000	-0.639766242575432
4.000000000000000	0.053671098557766
5.000000000000000	0.009501820869002
	2.14986157785107	2.80638038856661
0.000000000000000	64.504219145068589
1.000000000000000	-53.195462155582426
2.000000000000000	10.931719611829461
3.000000000000000	-1.308276315625475
4.000000000000000	0.067009327948314
5.000000000000000	-0.001195122865852
	1.78507808484602	2.26949940149066
0.000000000000000	194.842678697028987
1.000000000000000	-115.216008008544762
2.000000000000000	17.227649939956866
3.000000000000000	-2.170283038202249
4.000000000000000	0.485925778874017
5.000000000000000	-0.176738566805073
6.000000000000000	0.043476755283114
7.000000000000000	-0.004712233563479
