X40910
	2.62107474058301	3.35514670205676
0.000000000000000	11.600654082251017
1.000000000000000	-10.586156347305060
2.000000000000000	3.144985961051213
3.000000000000000	-0.616629546580268
4.000000000000000	0.047096710466698
5.000000000000000	0.009298108139237
	2.07394877680053	2.68971165137488
0.000000000000000	64.599386468417819
1.000000000000000	-53.236756930655943
2.000000000000000	10.837515030828945
3.000000000000000	-1.255006825646653
4.000000000000000	0.046570609763531
5.000000000000000	0.003663062466065
	1.72911130984076	2.18725151584392
0.000000000000000	194.859283186643409
1.000000000000000	-115.285529939860964
2.000000000000000	17.177676517189695
3.000000000000000	-2.131423989700558
4.000000000000000	0.489578747635750
5.000000000000000	-0.132006576077716
6.000000000000000	0.047433516670960
7.000000000000000	-0.018559766006632
