X40913
	2.66461922620173	3.42896296834034
0.000000000000000	11.602991728605861
1.000000000000000	-10.578149269008632
2.000000000000000	3.145836157211619
3.000000000000000	-0.625357643249278
4.000000000000000	0.047993927536148
5.000000000000000	0.007237075002113
	2.10001858954418	2.73587747730278
0.000000000000000	64.502441833722855
1.000000000000000	-53.182312580528347
2.000000000000000	10.923402737787796
3.000000000000000	-1.318539577136000
4.000000000000000	0.072781235827871
5.000000000000000	-0.003050239293890
	1.74648279212414	2.21626732262512
0.000000000000000	194.598017503087959
1.000000000000000	-115.035113437033132
2.000000000000000	17.216100142466164
3.000000000000000	-2.220001338162653
4.000000000000000	0.533598525106264
5.000000000000000	-0.213828441542339
6.000000000000000	0.140618770313187
7.000000000000000	-0.075092328112570
