X40918
	2.680079303844	3.45888664132792
0.000000000000000	11.576571146611817
1.000000000000000	-10.573143121161893
2.000000000000000	3.165267100495102
3.000000000000000	-0.629797155520043
4.000000000000000	0.050864727612733
5.000000000000000	0.010047307421067
	2.10858132638169	2.75232398749915
0.000000000000000	64.498370092408493
1.000000000000000	-53.182566715020947
2.000000000000000	10.913650444075772
3.000000000000000	-1.299998522669126
4.000000000000000	0.063052917747925
5.000000000000000	-0.002599390102243
	1.74992266673755	2.22574075086861
0.000000000000000	194.885844256651296
1.000000000000000	-115.142835094242969
2.000000000000000	17.130215211527734
3.000000000000000	-2.166783921336587
4.000000000000000	0.525029059305167
5.000000000000000	-0.182486314582365
6.000000000000000	0.025602601632655
7.000000000000000	-0.024833915273773
