X40942
	2.72000983075121	3.51323340623438
0.000000000000000	11.569381684676420
1.000000000000000	-10.568263518420773
2.000000000000000	3.171093478486219
3.000000000000000	-0.633804529068733
4.000000000000000	0.050744855693576
5.000000000000000	0.008965321904218
	2.13957100571885	2.79330459001414
0.000000000000000	64.501138283274756
1.000000000000000	-53.190441066404333
2.000000000000000	10.935948564952739
3.000000000000000	-1.322726484464805
4.000000000000000	0.077034152903065
5.000000000000000	-0.001895113128211
	1.77528312948519	2.25849674872553
0.000000000000000	195.015231365345528
1.000000000000000	-115.386487468599782
2.000000000000000	17.231545318141123
3.000000000000000	-2.266136229048407
4.000000000000000	0.490762070981455
5.000000000000000	-0.077993440404006
6.000000000000000	-0.060985223168346
7.000000000000000	0.170484691194444
