X40904
	2.60165775699838	3.33920957032718
0.000000000000000	11.606236465072094
1.000000000000000	-10.587884913744073
2.000000000000000	3.139336975697976
3.000000000000000	-0.614807711380651
4.000000000000000	0.044754651771620
5.000000000000000	0.009136911345476
	2.0526917108227	2.67068498296078
0.000000000000000	64.546888600505539
1.000000000000000	-53.207454784842170
2.000000000000000	10.889872007413118
3.000000000000000	-1.300857415574253
4.000000000000000	0.060829446249829
5.000000000000000	0.008096402564812
	1.70932305701625	2.16558572013779
0.000000000000000	194.824518277469877
1.000000000000000	-115.241516860645817
2.000000000000000	17.306082671370550
3.000000000000000	-2.235634093400160
4.000000000000000	0.517921136234397
5.000000000000000	-0.153060354740066
6.000000000000000	-0.035790593871440
7.000000000000000	0.018964996514521
