X40947
	2.74529842689525	3.56272402852223
0.000000000000000	11.549853309030949
1.000000000000000	-10.556292268016199
2.000000000000000	3.187485324415222
3.000000000000000	-0.645632822940506
4.000000000000000	0.055836897073017
5.000000000000000	0.009003895782172
	2.15223977408708	2.82034852966189
0.000000000000000	64.451387612208535
1.000000000000000	-53.141664416875777
2.000000000000000	10.930023273269324
3.000000000000000	-1.318702115005722
4.000000000000000	0.086822746675005
5.000000000000000	-0.029197541830282
	1.77994991506318	2.27353370328529
0.000000000000000	194.893756497987567
1.000000000000000	-115.257576677315455
2.000000000000000	17.196289267555354
3.000000000000000	-2.147939909290668
4.000000000000000	0.444149884338215
5.000000000000000	-0.133153261049263
6.000000000000000	0.018470154013408
7.000000000000000	0.023506783007335
