X40952
	2.74966787402104	3.57413914929033
0.000000000000000	11.560021950997859
1.000000000000000	-10.559339461997894
2.000000000000000	3.176568898571576
3.000000000000000	-0.642741785780283
4.000000000000000	0.054940379938030
5.000000000000000	0.007971565647665
	2.15126054262388	2.8255668738814
0.000000000000000	64.467992255995938
1.000000000000000	-53.203395642289131
2.000000000000000	10.989747092085720
3.000000000000000	-1.323045000626903
4.000000000000000	0.061926717565046
5.000000000000000	0.012213316922515
	1.78253776345325	2.27432363494581
0.000000000000000	193.942280060043657
1.000000000000000	-114.330001435234862
2.000000000000000	17.244662128344572
3.000000000000000	-2.321930687529844
4.000000000000000	0.661068005258538
5.000000000000000	-0.264464270986587
6.000000000000000	0.189219737905997
7.000000000000000	-0.197210836012927
