X40948
	2.75961109568746	3.60033873085743
0.000000000000000	11.550079021359242
1.000000000000000	-10.556602241893033
2.000000000000000	3.187978347037045
3.000000000000000	-0.646259766137516
4.000000000000000	0.056133771861349
5.000000000000000	0.009149447728130
	2.15423575835014	2.83681777220288
0.000000000000000	64.385882471702473
1.000000000000000	-53.138881004629994
2.000000000000000	11.024061357278402
3.000000000000000	-1.350495035114141
4.000000000000000	0.082868987279392
5.000000000000000	-0.015282938934059
	1.78178667144114	2.27777322976198
0.000000000000000	194.461009069151913
1.000000000000000	-115.091336048589582
2.000000000000000	17.536053853873117
3.000000000000000	-2.290286976879388
4.000000000000000	0.539841767454028
5.000000000000000	-0.210002991608937
6.000000000000000	0.075070471627964
7.000000000000000	0.012083882279222
