X40943
	2.73535753575211	3.54874314357448
0.000000000000000	11.557654832498880
1.000000000000000	-10.560618798402849
2.000000000000000	3.179536110988424
3.000000000000000	-0.639829772721259
4.000000000000000	0.052601123485408
5.000000000000000	0.008590341641208
	2.1444682517377	2.8101569670417
0.000000000000000	64.445900858756602
1.000000000000000	-53.154575714644281
2.000000000000000	10.969083990151628
3.000000000000000	-1.340410937064592
4.000000000000000	0.078330227476357
5.000000000000000	-0.002546785345656
	1.77455054013858	2.26522902788642
0.000000000000000	195.037723403081060
1.000000000000000	-115.445008523719082
2.000000000000000	17.276681608948866
3.000000000000000	-2.245074095454127
4.000000000000000	0.476045259954665
5.000000000000000	-0.026302143174798
6.000000000000000	-0.108854793259087
7.000000000000000	0.153492160888256
