X40906
	2.62777302160061	3.37783287440558
0.000000000000000	11.596084174836301
1.000000000000000	-10.583103825311049
2.000000000000000	3.148950011399686
3.000000000000000	-0.620192086676073
4.000000000000000	0.048151091412903
5.000000000000000	0.007938339454878
	2.07261563942425	2.69774316312096
0.000000000000000	64.509804266086789
1.000000000000000	-53.178058611234249
2.000000000000000	10.896983980243261
3.000000000000000	-1.304786064171657
4.000000000000000	0.071174011545081
5.000000000000000	-0.014541959977743
	1.72407924538746	2.18655130400206
0.000000000000000	195.088742792479195
1.000000000000000	-115.549660522640295
2.000000000000000	17.284969072276020
3.000000000000000	-2.199984865381910
4.000000000000000	0.478149913525753
5.000000000000000	-0.126105231032537
6.000000000000000	0.026211064588243
7.000000000000000	0.072098537561874
