X40949
	2.7463078184355	3.56811629111368
0.000000000000000	11.554766057221602
1.000000000000000	-10.559519205449995
2.000000000000000	3.183975479279623
3.000000000000000	-0.643226613003911
4.000000000000000	0.055030996243940
5.000000000000000	0.009134535522470
	2.15065809095	2.82185570670692
0.000000000000000	64.456453287344672
1.000000000000000	-53.174359602291787
2.000000000000000	10.967793091373762
3.000000000000000	-1.317292087637902
4.000000000000000	0.066781995824052
5.000000000000000	-0.007226458721975
	1.77961568059005	2.27259460525212
0.000000000000000	194.752321370977171
1.000000000000000	-115.163008311133865
2.000000000000000	17.267941825793034
3.000000000000000	-2.196498495201229
4.000000000000000	0.494871791959866
5.000000000000000	-0.182273235177360
6.000000000000000	0.051645833244850
7.000000000000000	0.004052164137650
