X40900
	2.61581315897067	3.35795782018996
0.000000000000000	11.601097660134052
1.000000000000000	-10.587608287233470
2.000000000000000	3.145273903103575
3.000000000000000	-0.616262818504603
4.000000000000000	0.047902927735458
5.000000000000000	0.009665808415300
	2.0645224547092	2.68517427794053
0.000000000000000	64.536706765322037
1.000000000000000	-53.181991931035611
2.000000000000000	10.870087267265776
3.000000000000000	-1.299788227858790
4.000000000000000	0.069831292867503
5.000000000000000	-0.007266967742267
	1.71783894663975	2.17766570135327
0.000000000000000	194.966361278961273
1.000000000000000	-115.240739074432170
2.000000000000000	17.117167480432304
3.000000000000000	-2.197606349552402
4.000000000000000	0.495407877137620
5.000000000000000	-0.147355994287407
6.000000000000000	0.047340040342938
7.000000000000000	-0.059202936714430
