X40907
	2.64548952083249	3.39495378862033
0.000000000000000	11.588793557992592
1.000000000000000	-10.578325804613673
2.000000000000000	3.153155355373716
3.000000000000000	-0.623308167745335
4.000000000000000	0.050493449703923
5.000000000000000	0.008007867353918
	2.09012919194352	2.71525927796944
0.000000000000000	64.598292260852915
1.000000000000000	-53.284763144073103
2.000000000000000	10.916299460117855
3.000000000000000	-1.287976145005239
4.000000000000000	0.042310753833064
5.000000000000000	0.034698342031523
	1.74082918698443	2.20513580282415
0.000000000000000	194.854939731709919
1.000000000000000	-115.270144200753776
2.000000000000000	17.182949655534422
3.000000000000000	-2.206185430246521
4.000000000000000	0.472654665050809
5.000000000000000	-0.155578289878793
6.000000000000000	0.092289949188149
7.000000000000000	0.051968745261919
