X40937
	2.80899529713025	3.6707933239486
0.000000000000000	11.528518351625486
1.000000000000000	-10.536740379571890
2.000000000000000	3.202103212798212
3.000000000000000	-0.660019684775919
4.000000000000000	0.060097756785146
5.000000000000000	0.007871230720067
	2.19149813034511	2.88748769585148
0.000000000000000	64.455222716708548
1.000000000000000	-53.202032957844743
2.000000000000000	10.990052744792424
3.000000000000000	-1.311576661758284
4.000000000000000	0.058811150485611
5.000000000000000	0.012397991584393
	1.80726090310862	2.31796209914289
0.000000000000000	194.752772173499039
1.000000000000000	-115.121295747059918
2.000000000000000	17.254918219783850
3.000000000000000	-2.121224351084313
4.000000000000000	0.387336722290514
5.000000000000000	-0.161790529285168
6.000000000000000	0.091872959909790
7.000000000000000	-0.062145565864215
