X40911
	2.63856069501703	3.39363877231021
0.000000000000000	11.590489134427063
1.000000000000000	-10.579659887709127
2.000000000000000	3.152902473860743
3.000000000000000	-0.622541617842909
4.000000000000000	0.049206678143903
5.000000000000000	0.008976503420449
	2.08010939041033	2.70890193560554
0.000000000000000	64.541796086793042
1.000000000000000	-53.213411357415580
2.000000000000000	10.896727202297692
3.000000000000000	-1.290209450603303
4.000000000000000	0.054501894680933
5.000000000000000	0.009241408190822
	1.72999830467429	2.19551799716789
0.000000000000000	194.652149020441953
1.000000000000000	-115.129576662268562
2.000000000000000	17.230854418379241
3.000000000000000	-2.198265659109281
4.000000000000000	0.562786799025891
5.000000000000000	-0.214167349947589
6.000000000000000	0.132468561569104
7.000000000000000	-0.076158005338926
