X40914
	2.61876699652108	3.34842414132377
0.000000000000000	11.620838995022334
1.000000000000000	-10.590122098898142
2.000000000000000	3.130977444355126
3.000000000000000	-0.614505773773730
4.000000000000000	0.044950171592871
5.000000000000000	0.007862843900412
	2.07357447792362	2.68718529566541
0.000000000000000	64.564451714788277
1.000000000000000	-53.196648912130826
2.000000000000000	10.855684216120039
3.000000000000000	-1.295702968623797
4.000000000000000	0.073338415857903
5.000000000000000	-0.012310555797041
	1.72772754078984	2.18615211827964
0.000000000000000	194.948603268534384
1.000000000000000	-115.293096913328583
2.000000000000000	17.045578575935870
3.000000000000000	-2.154076218016062
4.000000000000000	0.470878458038287
5.000000000000000	-0.128098518785084
6.000000000000000	0.075327694759286
7.000000000000000	0.014967796957560
