X40938
	2.77939482214615	3.62585868440608
0.000000000000000	11.544383396703944
1.000000000000000	-10.554719511142194
2.000000000000000	3.195187217569741
3.000000000000000	-0.650098100246084
4.000000000000000	0.055710083266850
5.000000000000000	0.009755033524601
	2.17002824871325	2.85697977246414
0.000000000000000	64.446565046337568
1.000000000000000	-53.179800965894458
2.000000000000000	10.983219041016953
3.000000000000000	-1.317577750396586
4.000000000000000	0.070459515213752
5.000000000000000	-0.002075385900254
	1.79178493471091	2.29514438624882
0.000000000000000	194.671266140870898
1.000000000000000	-115.201204729231961
2.000000000000000	17.302958020124347
3.000000000000000	-2.116559438217013
4.000000000000000	0.462650120067706
5.000000000000000	-0.178886362312062
6.000000000000000	0.047190914870368
7.000000000000000	0.000219948016386
