X40902
	2.56167229637311	3.2723532499757
0.000000000000000	11.621418346312998
1.000000000000000	-10.599461365392337
2.000000000000000	3.128831249870933
3.000000000000000	-0.605489299897768
4.000000000000000	0.044146803104134
5.000000000000000	0.010888534387724
	2.02942976175983	2.62855280697453
0.000000000000000	64.538167284017987
1.000000000000000	-53.168369923478679
2.000000000000000	10.853619169564389
3.000000000000000	-1.298463240881287
4.000000000000000	0.065702295666161
5.000000000000000	-0.008653760770693
	1.69363102430653	2.13879375752778
0.000000000000000	194.923736510003010
1.000000000000000	-115.258328727023127
2.000000000000000	17.206837034159300
3.000000000000000	-2.281391805373866
4.000000000000000	0.531778573878410
5.000000000000000	-0.160257641553107
6.000000000000000	0.067162184662617
7.000000000000000	0.013876403923206
