X40915
	2.61866221516141	3.3524998289658
0.000000000000000	11.614553173665755
1.000000000000000	-10.585028164607815
2.000000000000000	3.132606225708054
3.000000000000000	-0.616803823361456
4.000000000000000	0.046880464084803
5.000000000000000	0.006480781945784
	2.07120995053731	2.68725471621961
0.000000000000000	64.566003403944691
1.000000000000000	-53.213475998759144
2.000000000000000	10.874049170606670
3.000000000000000	-1.290146237287052
4.000000000000000	0.058155137924834
5.000000000000000	0.003838193709686
	1.72664205288602	2.18421938295824
0.000000000000000	194.517125427417625
1.000000000000000	-114.822383133014767
2.000000000000000	17.113699215643187
3.000000000000000	-2.215982140865642
4.000000000000000	0.529313301143387
5.000000000000000	-0.243024728350115
6.000000000000000	0.174492717779096
7.000000000000000	-0.093719752734979
