X40940
	2.70948274706457	3.51466248819887
0.000000000000000	11.565591303717708
1.000000000000000	-10.563982525098549
2.000000000000000	3.171672317537332
3.000000000000000	-0.635910464189322
4.000000000000000	0.053483243546958
5.000000000000000	0.008402903712945
	2.1225796155192	2.78388967162643
0.000000000000000	64.461899154609355
1.000000000000000	-53.185773836185731
2.000000000000000	10.972124249773383
3.000000000000000	-1.325998793866639
4.000000000000000	0.068976194110809
5.000000000000000	0.005856111801621
	1.7576473457536	2.24322140632986
0.000000000000000	194.725785044142668
1.000000000000000	-115.292929535825863
2.000000000000000	17.361467215701708
3.000000000000000	-2.200479709698687
4.000000000000000	0.508591325229955
5.000000000000000	-0.137620805699741
6.000000000000000	0.043508080666517
7.000000000000000	-0.002224084062909
