X40953
	2.71305816712163	3.49987782519153
0.000000000000000	11.572838346695969
1.000000000000000	-10.567443189883713
2.000000000000000	3.166137226885793
3.000000000000000	-0.634521244189096
4.000000000000000	0.051833531862964
5.000000000000000	0.008519495335352
	2.13700710696672	2.78585258170375
0.000000000000000	64.509110502630563
1.000000000000000	-53.218567126646555
2.000000000000000	10.951317771071325
3.000000000000000	-1.310685684097633
4.000000000000000	0.059507975013240
5.000000000000000	0.008747638761194
	1.78053195757098	2.25561931962471
0.000000000000000	193.907221199384878
1.000000000000000	-114.192459620029496
2.000000000000000	17.127920447902220
3.000000000000000	-2.307634608221385
4.000000000000000	0.671865733906987
5.000000000000000	-0.279663303923959
6.000000000000000	0.181922925711678
7.000000000000000	-0.171683009907146
