X40901
	2.65584783051179	3.41528532825324
0.000000000000000	11.587739021287573
1.000000000000000	-10.580666945167865
2.000000000000000	3.157013668571022
3.000000000000000	-0.623351337050441
4.000000000000000	0.049569468615446
5.000000000000000	0.010018265654655
	2.09584956198536	2.72656305869418
0.000000000000000	64.509011953106381
1.000000000000000	-53.183447672268279
2.000000000000000	10.905018042695655
3.000000000000000	-1.303742396192972
4.000000000000000	0.066442121743799
5.000000000000000	-0.000427343562187
	1.74256064941166	2.21073856277033
0.000000000000000	195.169161369108423
1.000000000000000	-115.454293230932848
2.000000000000000	17.099630701360258
3.000000000000000	-2.178405264351111
4.000000000000000	0.453314167197651
5.000000000000000	-0.103107348255302
6.000000000000000	-0.008002076956678
7.000000000000000	0.045240001207213
