X40909
	2.63468199527472	3.37645674486097
0.000000000000000	11.596422608637578
1.000000000000000	-10.583468591429050
2.000000000000000	3.147506770403293
3.000000000000000	-0.617937594039387
4.000000000000000	0.047652634150748
5.000000000000000	0.008757586013507
	2.08324515596588	2.70394834261381
0.000000000000000	64.556558037985397
1.000000000000000	-53.197167739684701
2.000000000000000	10.850526030490544
3.000000000000000	-1.282636658621484
4.000000000000000	0.068985669733498
5.000000000000000	-0.011443403756175
	1.73537163397707	2.19703888529277
0.000000000000000	194.884402537239737
1.000000000000000	-115.263377316919431
2.000000000000000	17.080109200327666
3.000000000000000	-2.105867170500464
4.000000000000000	0.490461950913739
5.000000000000000	-0.143959921131186
6.000000000000000	0.083788353440226
7.000000000000000	-0.046611398366310
