X40912
	2.64546403625109	3.39153694336382
0.000000000000000	11.618434065560358
1.000000000000000	-10.584201351029787
2.000000000000000	3.134267207245598
3.000000000000000	-0.619241090254540
4.000000000000000	0.045790102706835
5.000000000000000	0.006645922812173
	2.09053008090634	2.71534122492728
0.000000000000000	64.519347905621799
1.000000000000000	-53.175974921773601
2.000000000000000	10.894100453584226
3.000000000000000	-1.317241838880014
4.000000000000000	0.083870076040977
5.000000000000000	-0.008958341045771
	1.74158512514666	2.20479356649298
0.000000000000000	194.655541022734667
1.000000000000000	-114.984205519169222
2.000000000000000	17.060729055293134
3.000000000000000	-2.137736821469199
4.000000000000000	0.495712803277010
5.000000000000000	-0.202803884099161
6.000000000000000	0.143757337003282
7.000000000000000	-0.108362315737617
