X40908
	2.61897808114162	3.35540044393884
0.000000000000000	11.597297324863824
1.000000000000000	-10.583042409206811
2.000000000000000	3.145349493585149
3.000000000000000	-0.618300585837272
4.000000000000000	0.048454311448702
5.000000000000000	0.009006407222400
	2.07231784963862	2.68768732051789
0.000000000000000	64.524680104925224
1.000000000000000	-53.175692796490601
2.000000000000000	10.875243961669668
3.000000000000000	-1.296514945286997
4.000000000000000	0.068139236944561
5.000000000000000	-0.012013699148715
	1.73037968057055	2.18448737802266
0.000000000000000	194.599479608956756
1.000000000000000	-114.923780336679016
2.000000000000000	17.229856432050092
3.000000000000000	-2.215846397745718
4.000000000000000	0.538497449811754
5.000000000000000	-0.208787103123209
6.000000000000000	0.099602809814993
7.000000000000000	-0.095539037725051
