X40939
	2.58968326031268	3.3082857311923
0.000000000000000	11.629809334267895
1.000000000000000	-10.603331100643373
2.000000000000000	3.122965984237144
3.000000000000000	-0.602917539016862
4.000000000000000	0.042331615839958
5.000000000000000	0.010435404637806
	2.05053438088119	2.65743449967133
0.000000000000000	64.570505461656452
1.000000000000000	-53.212877825123407
2.000000000000000	10.868010293396654
3.000000000000000	-1.286007150264279
4.000000000000000	0.056104029979906
5.000000000000000	0.004026469304580
	1.71404712486194	2.16183980898872
0.000000000000000	194.656030504435676
1.000000000000000	-115.222781492032340
2.000000000000000	17.452787743098614
3.000000000000000	-2.253781422435759
4.000000000000000	0.488056817533277
5.000000000000000	-0.129725048768714
6.000000000000000	-0.001056017895695
7.000000000000000	-0.006129699047016
