X41198
	2.82683828855264	3.78801997410289
0.000000000000000	11.498889010118427
1.000000000000000	-10.517591483787751
2.000000000000000	3.222055868257508
3.000000000000000	-0.680917012205912
4.000000000000000	0.070367737616861
5.000000000000000	0.004617501864382
	2.17305531908746	2.91329493662409
0.000000000000000	63.933737341514607
1.000000000000000	-52.979477716475166
2.000000000000000	11.470827820349047
3.000000000000000	-1.526620810172602
4.000000000000000	0.094652304309742
5.000000000000000	0.006076796145646
	1.78765511951255	2.30345510918526
0.000000000000000	193.934945498771270
1.000000000000000	-114.805254116783061
2.000000000000000	17.930322295588422
3.000000000000000	-2.374519230556721
4.000000000000000	0.562328151493296
5.000000000000000	-0.199882106430848
6.000000000000000	0.073766508991896
7.000000000000000	-0.126126356110820
