X41199
	2.72308090060136	3.59763424223758
0.000000000000000	11.554275725294248
1.000000000000000	-10.556487185566549
2.000000000000000	3.179727101697833
3.000000000000000	-0.642439415116211
4.000000000000000	0.059299551212374
5.000000000000000	0.007662103301637
	2.10860655707572	2.80346678473868
0.000000000000000	64.113281506724277
1.000000000000000	-53.079403363512476
2.000000000000000	11.329408123874279
3.000000000000000	-1.448651267207995
4.000000000000000	0.072650733755757
5.000000000000000	0.010502176735822
	1.73986130331486	2.23239797233152
0.000000000000000	194.325606010879738
1.000000000000000	-115.125461455069796
2.000000000000000	17.769611899120296
3.000000000000000	-2.312185691394994
4.000000000000000	0.495888226013115
5.000000000000000	-0.244827150591090
6.000000000000000	0.066588392846406
7.000000000000000	0.033535373187710
