X41273
	2.83444429991931	3.79509194075093
0.000000000000000	11.527224085004166
1.000000000000000	-10.516283976703647
2.000000000000000	3.198268518397291
3.000000000000000	-0.678764906683122
4.000000000000000	0.067331439680162
5.000000000000000	0.002416109928421
	2.18020727623639	2.92123285602931
0.000000000000000	63.857677233790241
1.000000000000000	-52.916580427493322
2.000000000000000	11.495211004897273
3.000000000000000	-1.552274209538097
4.000000000000000	0.118723682185082
5.000000000000000	-0.029140695740082
	1.79553731067546	2.31018205185901
0.000000000000000	193.864522458451631
1.000000000000000	-114.851527202621852
2.000000000000000	17.952981780385940
3.000000000000000	-2.447560850038049
4.000000000000000	0.584783470703449
5.000000000000000	-0.194613047845159
6.000000000000000	0.078396238226876
7.000000000000000	-0.065942245663643
