X41204
	2.55301481993993	3.29974179798183
0.000000000000000	11.599110721986852
1.000000000000000	-10.583503829477825
2.000000000000000	3.143450151667315
3.000000000000000	-0.617796538359603
4.000000000000000	0.051788970678463
5.000000000000000	0.008893477114327
	2.01121266935292	2.6225930204698
0.000000000000000	64.307706433526945
1.000000000000000	-53.124097141493088
2.000000000000000	11.123034440814857
3.000000000000000	-1.380522960033162
4.000000000000000	0.075229695950697
5.000000000000000	0.007176372358009
	1.67997342021828	2.12126538923987
0.000000000000000	194.465177499178850
1.000000000000000	-115.009907136734881
2.000000000000000	17.484558640235420
3.000000000000000	-2.252973980512154
4.000000000000000	0.542893917827528
5.000000000000000	-0.286889690127212
6.000000000000000	0.022872960458392
7.000000000000000	0.030736611299778
