X41205
	2.69798868515892	3.54993361178188
0.000000000000000	11.557296565834227
1.000000000000000	-10.557217631152808
2.000000000000000	3.176404729084170
3.000000000000000	-0.641179187472122
4.000000000000000	0.059168067517946
5.000000000000000	0.007385905441372
	2.09638767705397	2.77640697693895
0.000000000000000	64.157370987591435
1.000000000000000	-53.102350001608485
2.000000000000000	11.290992061160951
3.000000000000000	-1.425439180133861
4.000000000000000	0.063199178893239
5.000000000000000	0.014623466673646
	1.73517573548694	2.21785969639155
0.000000000000000	194.346731080511375
1.000000000000000	-115.139866807608712
2.000000000000000	17.752488731409738
3.000000000000000	-2.272258086469624
4.000000000000000	0.485996052165764
5.000000000000000	-0.236536023892499
6.000000000000000	0.055733889178761
7.000000000000000	0.041605997794897
