X41275
	2.70028901021237	3.55003895325067
0.000000000000000	11.583456307428850
1.000000000000000	-10.570687031921006
2.000000000000000	3.157096678749356
3.000000000000000	-0.632682752866566
4.000000000000000	0.054150384468656
5.000000000000000	0.008049278286533
	2.09452730727079	2.77906694970292
0.000000000000000	64.127013478089580
1.000000000000000	-53.018890845787041
2.000000000000000	11.249688495422104
3.000000000000000	-1.456149526792534
4.000000000000000	0.093880607548910
5.000000000000000	0.000005161096196
	1.72926994752725	2.21687895878827
0.000000000000000	194.101577641978281
1.000000000000000	-115.013701863833859
2.000000000000000	17.879194970709104
3.000000000000000	-2.432589614376567
4.000000000000000	0.569769560535114
5.000000000000000	-0.245956019116511
6.000000000000000	0.160464466940922
7.000000000000000	-0.021960649272813
