X41272
	2.56022744175932	3.29421106383488
0.000000000000000	11.653642324537282
1.000000000000000	-10.591868320541311
2.000000000000000	3.094683898759280
3.000000000000000	-0.604972331952006
4.000000000000000	0.043113223813902
5.000000000000000	0.004659995911762
	2.01699329048995	2.6295321935287
0.000000000000000	64.314843668327242
1.000000000000000	-53.091338633826830
2.000000000000000	11.067729092371682
3.000000000000000	-1.383353239211844
4.000000000000000	0.094503977898683
5.000000000000000	-0.027839884813876
	1.68518324408125	2.1273805526176
0.000000000000000	194.181831279742766
1.000000000000000	-114.879426130114083
2.000000000000000	17.615705819047513
3.000000000000000	-2.393421265905247
4.000000000000000	0.567754913076707
5.000000000000000	-0.197350650137531
6.000000000000000	0.073358926505954
7.000000000000000	-0.021162834981977
