X41202
	2.59357332648636	3.36959449731347
0.000000000000000	11.584517916394550
1.000000000000000	-10.570741915391984
2.000000000000000	3.153147502895846
3.000000000000000	-0.629947862437826
4.000000000000000	0.055374377098279
5.000000000000000	0.005965949718632
	2.03551710864467	2.66554468886049
0.000000000000000	64.244253156574160
1.000000000000000	-53.115577925664155
2.000000000000000	11.211233740382545
3.000000000000000	-1.429078387378961
4.000000000000000	0.079795005491850
5.000000000000000	0.016649840756296
	1.69742211625453	2.14890818821756
0.000000000000000	194.299289853204215
1.000000000000000	-115.115195852618555
2.000000000000000	17.731530537335367
3.000000000000000	-2.368083609064112
4.000000000000000	0.499612740342998
5.000000000000000	-0.122245824897399
6.000000000000000	0.066846157353640
7.000000000000000	0.022806310738955
