X41294
	2.68272157388574	3.52741218874165
0.000000000000000	11.554523838044872
1.000000000000000	-10.552046616339638
2.000000000000000	3.176612677371848
3.000000000000000	-0.646107181181944
4.000000000000000	0.058320113341119
5.000000000000000	0.006074167559188
	2.08861262931898	2.76018596981518
0.000000000000000	64.042682701908532
1.000000000000000	-52.969525206602853
2.000000000000000	11.319570382420205
3.000000000000000	-1.507940984541580
4.000000000000000	0.115887482872945
5.000000000000000	-0.021228030802343
	1.73269179265699	2.20755091990567
0.000000000000000	194.201326602088869
1.000000000000000	-115.038163274921288
2.000000000000000	17.740857928029445
3.000000000000000	-2.314968140655653
4.000000000000000	0.490785571135837
5.000000000000000	-0.151890781360633
6.000000000000000	0.061730268814344
7.000000000000000	-0.008156103977308
