X41200
	2.71205555760865	3.57436765889061
0.000000000000000	11.594621514643196
1.000000000000000	-10.538418224509774
2.000000000000000	3.151206164215675
3.000000000000000	-0.650096875693079
4.000000000000000	0.055650710745799
5.000000000000000	0.000791665925387
	2.1057917206941	2.79135196374627
0.000000000000000	64.021270848272508
1.000000000000000	-52.985470926729789
2.000000000000000	11.372108260194901
3.000000000000000	-1.506171393499867
4.000000000000000	0.104926909301763
5.000000000000000	-0.002259862134534
	1.74548202505664	2.22723593196149
0.000000000000000	194.085036998957491
1.000000000000000	-115.065924271259689
2.000000000000000	17.976865236726997
3.000000000000000	-2.359839074694181
4.000000000000000	0.469958715473722
5.000000000000000	-0.197915674931314
6.000000000000000	0.131602952050809
7.000000000000000	0.019825912161702
