X41274
	2.83174494944785	3.79253336896998
0.000000000000000	11.543463927933557
1.000000000000000	-10.527672696991598
2.000000000000000	3.185462949592476
3.000000000000000	-0.668063351239471
4.000000000000000	0.064008341201006
5.000000000000000	0.003147701604002
	2.17165816022899	2.91911101902152
0.000000000000000	63.881639345507601
1.000000000000000	-52.921623751061489
2.000000000000000	11.466679207536107
3.000000000000000	-1.541907894392209
4.000000000000000	0.117766413285215
5.000000000000000	-0.028710023915218
	1.78232281690147	2.30292898143984
0.000000000000000	193.985693210963490
1.000000000000000	-114.943311099489151
2.000000000000000	17.893142569222380
3.000000000000000	-2.397165477031067
4.000000000000000	0.590261077696229
5.000000000000000	-0.218575188424252
6.000000000000000	0.090659497864053
7.000000000000000	-0.069880268980891
