X41247
	2.54506115696593	3.27149341364105
0.000000000000000	11.635342914930838
1.000000000000000	-10.594319197734357
2.000000000000000	3.112557716744617
3.000000000000000	-0.606538681245967
4.000000000000000	0.047506006481232
5.000000000000000	0.007786301408966
	2.00931782492238	2.61336779131303
0.000000000000000	64.335164818764369
1.000000000000000	-53.098913028960780
2.000000000000000	11.068216077614350
3.000000000000000	-1.382768485095340
4.000000000000000	0.081134908267376
5.000000000000000	-0.003437911880649
	1.68273706483928	2.11850724143672
0.000000000000000	194.043435472453723
1.000000000000000	-114.811918912373713
2.000000000000000	17.779597981719196
3.000000000000000	-2.421632130371532
4.000000000000000	0.518935646757562
5.000000000000000	-0.204264207038406
6.000000000000000	0.120928523088558
7.000000000000000	-0.074184824012450
