X41250
	2.66098534759806	3.48422825459725
0.000000000000000	11.581262875002869
1.000000000000000	-10.564101907736241
2.000000000000000	3.157498563393646
3.000000000000000	-0.640100982525289
4.000000000000000	0.054414455442524
5.000000000000000	0.005273152356535
	2.07578535646642	2.73704158376959
0.000000000000000	64.142971562484007
1.000000000000000	-53.043333363240130
2.000000000000000	11.264769436201938
3.000000000000000	-1.460846596880261
4.000000000000000	0.092459700584076
5.000000000000000	-0.003163493565789
	1.72394904248552	2.19334149654831
0.000000000000000	194.265628873091714
1.000000000000000	-114.970140704909738
2.000000000000000	17.756737893319670
3.000000000000000	-2.317302928370172
4.000000000000000	0.428335261540526
5.000000000000000	-0.163158795927926
6.000000000000000	0.053641026061911
7.000000000000000	-0.017365184523132
