X41201
	2.84783746101726	3.81883640377227
0.000000000000000	11.538551590319882
1.000000000000000	-10.511257360101368
2.000000000000000	3.195154479704493
3.000000000000000	-0.678100423794919
4.000000000000000	0.066027765809889
5.000000000000000	0.000113426498587
	2.18584090220776	2.93547181043004
0.000000000000000	63.889564269931050
1.000000000000000	-52.948958507563297
2.000000000000000	11.515398940550934
3.000000000000000	-1.559460425356511
4.000000000000000	0.108941554808434
5.000000000000000	0.002346847621265
	1.79710639946167	2.31752610626656
0.000000000000000	193.854331747010946
1.000000000000000	-114.849273623511209
2.000000000000000	18.024705943778457
3.000000000000000	-2.404486807462443
4.000000000000000	0.501100968702271
5.000000000000000	-0.224272543452918
6.000000000000000	0.126625668297953
7.000000000000000	-0.003042255094000
