X41295
	2.67508330862386	3.50260666499975
0.000000000000000	11.586142579146927
1.000000000000000	-10.571706781461884
2.000000000000000	3.150695335355401
3.000000000000000	-0.626680100875551
4.000000000000000	0.051852322847420
5.000000000000000	0.006498561259607
	2.08031732082998	2.75185525526736
0.000000000000000	64.188325465244418
1.000000000000000	-53.054129920034953
2.000000000000000	11.218661456756452
3.000000000000000	-1.455946521794212
4.000000000000000	0.099985517461345
5.000000000000000	-0.006829730462089
	1.72101348527265	2.20026065509042
0.000000000000000	194.257752156265212
1.000000000000000	-115.000618268833691
2.000000000000000	17.687104715699100
3.000000000000000	-2.402456635196646
4.000000000000000	0.537391568113344
5.000000000000000	-0.183531865449058
6.000000000000000	0.092658107866126
7.000000000000000	0.016120013083003
