X41253
	2.71517619427056	3.55301743699109
0.000000000000000	11.759521561670732
1.000000000000000	-10.515635220456749
2.000000000000000	3.046927345852290
3.000000000000000	-0.626997916876906
4.000000000000000	0.031871953815850
5.000000000000000	-0.013022222730839
	2.10903785634682	2.79463557715673
0.000000000000000	63.984944964774947
1.000000000000000	-52.951958398608930
2.000000000000000	11.367663940656231
3.000000000000000	-1.510748062897120
4.000000000000000	0.111870756275299
5.000000000000000	-0.018243426110915
	1.75027413664833	2.23025740638433
0.000000000000000	193.909342448184333
1.000000000000000	-114.937978471242331
2.000000000000000	18.062272456667294
3.000000000000000	-2.442861231268761
4.000000000000000	0.562264560337002
5.000000000000000	-0.221187018111132
6.000000000000000	0.140376380443211
7.000000000000000	-0.036301167433956
