X41280
	2.65413745361559	3.44888634324431
0.000000000000000	11.753543579230600
1.000000000000000	-10.542661268263069
2.000000000000000	3.035071202843328
3.000000000000000	-0.623063035895474
4.000000000000000	0.026603866939287
5.000000000000000	-0.009554634937835
	2.0738431233668	2.7298039554883
0.000000000000000	64.090649783356341
1.000000000000000	-53.037659609284127
2.000000000000000	11.339327746256796
3.000000000000000	-1.492421088271691
4.000000000000000	0.101056702821302
5.000000000000000	0.009763089770107
	1.73076952110584	2.19047754058747
0.000000000000000	193.888628851573941
1.000000000000000	-114.976345219925747
2.000000000000000	18.152252872052706
3.000000000000000	-2.483608015017775
4.000000000000000	0.487463077294306
5.000000000000000	-0.211086544227295
6.000000000000000	0.092596634118656
7.000000000000000	0.046962583878767
