X41215
	2.67940601779507	3.52726925324156
0.000000000000000	11.550386426967188
1.000000000000000	-10.555232625198382
2.000000000000000	3.184445215982552
3.000000000000000	-0.645870016346677
4.000000000000000	0.060962671852645
5.000000000000000	0.007833249018661
	2.08497614513828	2.75714965624873
0.000000000000000	64.094455639014640
1.000000000000000	-53.035837708325516
2.000000000000000	11.309613466715849
3.000000000000000	-1.453934826544517
4.000000000000000	0.086571248745794
5.000000000000000	0.005428377764815
	1.72797630947447	2.20436900627622
0.000000000000000	194.288999613088123
1.000000000000000	-114.986299891301229
2.000000000000000	17.711505564392372
3.000000000000000	-2.284621029884317
4.000000000000000	0.507182555505274
5.000000000000000	-0.254670373441339
6.000000000000000	-0.001099139397006
7.000000000000000	0.006943709163929
