X41291
	2.61712757915557	3.409656452162
0.000000000000000	11.596092618978123
1.000000000000000	-10.579517858952720
2.000000000000000	3.145542412027141
3.000000000000000	-0.622829294960533
4.000000000000000	0.052017247551632
5.000000000000000	0.006058487326838
	2.04469040465838	2.69089774049803
0.000000000000000	64.233694844573662
1.000000000000000	-53.083882735108588
2.000000000000000	11.185194102402443
3.000000000000000	-1.421303974633044
4.000000000000000	0.075416286165118
5.000000000000000	0.002082061567009
	1.69991573583337	2.16054988993466
0.000000000000000	193.987794612026448
1.000000000000000	-114.672045414343017
2.000000000000000	17.668849100447648
3.000000000000000	-2.345769884174372
4.000000000000000	0.601577659016928
5.000000000000000	-0.290322359920131
6.000000000000000	0.151795136880000
7.000000000000000	-0.139941641659029
