X41239
	2.81849482869892	3.77044153972814
0.000000000000000	11.546813629987318
1.000000000000000	-10.518666515764851
2.000000000000000	3.194062438533587
3.000000000000000	-0.667230290516921
4.000000000000000	0.067420221316739
5.000000000000000	0.004546227573743
	2.16634644414765	2.90493015702905
0.000000000000000	63.898982634830403
1.000000000000000	-52.937929004720296
2.000000000000000	11.472232492398948
3.000000000000000	-1.542692216565834
4.000000000000000	0.109459543331636
5.000000000000000	-0.006877605180086
	1.78189303495115	2.29623836302679
0.000000000000000	194.092805139996841
1.000000000000000	-115.150913447653806
2.000000000000000	18.044372228753588
3.000000000000000	-2.390657787268438
4.000000000000000	0.537269235973977
5.000000000000000	-0.229975616640078
6.000000000000000	0.051212308963965
7.000000000000000	0.018953176668871
