X41211
	2.69270583434424	3.53709112638394
0.000000000000000	11.578429768759920
1.000000000000000	-10.563964431782367
2.000000000000000	3.157111428462458
3.000000000000000	-0.633027093711530
4.000000000000000	0.055136928136692
5.000000000000000	0.006965899513061
	2.08975255195081	2.7708662547954
0.000000000000000	64.150271799292923
1.000000000000000	-53.054388617962310
2.000000000000000	11.252868208843303
3.000000000000000	-1.451998327415401
4.000000000000000	0.094670416833610
5.000000000000000	-0.005356338664402
	1.72723494702467	2.21101168690296
0.000000000000000	194.218853921381310
1.000000000000000	-114.962069860184186
2.000000000000000	17.785048002555325
3.000000000000000	-2.364991058142286
4.000000000000000	0.521958583965937
5.000000000000000	-0.262370585351070
6.000000000000000	0.128552717157829
7.000000000000000	-0.037112024411519
