X41276
	2.67463142727838	3.51262639615775
0.000000000000000	11.558116136922644
1.000000000000000	-10.553064241481643
2.000000000000000	3.173108372939035
3.000000000000000	-0.644034333530886
4.000000000000000	0.059137939644064
5.000000000000000	0.006783758470182
	2.08319893753664	2.75164985935057
0.000000000000000	64.032257742980406
1.000000000000000	-52.941138848375090
2.000000000000000	11.281046377523415
3.000000000000000	-1.489653037646577
4.000000000000000	0.114179982544861
5.000000000000000	-0.020661920535096
	1.72820219897287	2.20161064091663
0.000000000000000	194.185004235244236
1.000000000000000	-114.964899945499752
2.000000000000000	17.784455988602947
3.000000000000000	-2.416296324531104
4.000000000000000	0.575304200637969
5.000000000000000	-0.085734869593756
6.000000000000000	0.045454767610511
7.000000000000000	-0.079596134442699
