X41282
	2.83128403492716	3.79162425161435
0.000000000000000	11.540829000834535
1.000000000000000	-10.528494821437715
2.000000000000000	3.190334587966155
3.000000000000000	-0.668493220477974
4.000000000000000	0.063040011464675
5.000000000000000	0.003581008481156
	2.17175081440456	2.91873249719246
0.000000000000000	63.891057787446144
1.000000000000000	-52.932916813622199
2.000000000000000	11.467678204249507
3.000000000000000	-1.544912189829964
4.000000000000000	0.112938292942174
5.000000000000000	-0.000192924833485
	1.78427735450241	2.30275133695994
0.000000000000000	193.892712033634808
1.000000000000000	-114.906784373920629
2.000000000000000	18.154041636526934
3.000000000000000	-2.426767346234059
4.000000000000000	0.512658151265335
5.000000000000000	-0.247819588525343
6.000000000000000	0.103996320858859
7.000000000000000	0.006983495276780
