X41261
	2.85101530825588	3.82998038522209
0.000000000000000	11.503288072006589
1.000000000000000	-10.522805078251251
2.000000000000000	3.222359222443189
3.000000000000000	-0.678063279172885
4.000000000000000	0.068979176234045
5.000000000000000	0.005903057419686
	2.18464112922348	2.93914192645674
0.000000000000000	63.929918777184476
1.000000000000000	-52.957205789665139
2.000000000000000	11.458021605487971
3.000000000000000	-1.533552319162371
4.000000000000000	0.105196281477443
5.000000000000000	-0.001157106282440
	1.7922976055194	2.31765933676332
0.000000000000000	193.865769764764337
1.000000000000000	-114.843226418381491
2.000000000000000	17.988589430852791
3.000000000000000	-2.377440220332086
4.000000000000000	0.527929038077548
5.000000000000000	-0.210619370980368
6.000000000000000	0.087811828393856
7.000000000000000	-0.078771645120065
