X41245
	2.69399108490725	3.55154478825727
0.000000000000000	11.544514037427003
1.000000000000000	-10.546849765226199
2.000000000000000	3.186037269780460
3.000000000000000	-0.652867004605686
4.000000000000000	0.062947936185902
5.000000000000000	0.006152984677865
	2.09434047125274	2.77238304648647
0.000000000000000	64.063657173401580
1.000000000000000	-53.027929448158467
2.000000000000000	11.360124579623763
3.000000000000000	-1.501103294629119
4.000000000000000	0.105681439441084
5.000000000000000	-0.002433643914917
	1.73578934077432	2.2143047235857
0.000000000000000	194.070286250198592
1.000000000000000	-114.734677245271371
2.000000000000000	17.683868032559637
3.000000000000000	-2.378741551236155
4.000000000000000	0.537404093721347
5.000000000000000	-0.254017320881612
6.000000000000000	0.047123786668536
7.000000000000000	0.012263287661652
