X41262
	2.65641175870162	3.48228245385
0.000000000000000	11.564263541676034
1.000000000000000	-10.560491113419150
2.000000000000000	3.173386732069412
3.000000000000000	-0.642782394892749
4.000000000000000	0.057338862499666
5.000000000000000	0.007951016976871
	2.07279773380345	2.73237947612512
0.000000000000000	64.117371388824097
1.000000000000000	-53.023187695847866
2.000000000000000	11.279471229216165
3.000000000000000	-1.469156368968350
4.000000000000000	0.098472712954119
5.000000000000000	-0.001963343450096
	1.72179141353298	2.19045451609316
0.000000000000000	194.143452991739025
1.000000000000000	-114.984620901167688
2.000000000000000	17.824639629142329
3.000000000000000	-2.418970053327801
4.000000000000000	0.530686786604016
5.000000000000000	-0.149008271905621
6.000000000000000	0.064409555059511
7.000000000000000	-0.083495177559873
