X41237
	2.61820378691992	3.40777588245395
0.000000000000000	11.608978296355314
1.000000000000000	-10.584036413339925
2.000000000000000	3.133034166825628
3.000000000000000	-0.618963617236163
4.000000000000000	0.049634597070628
5.000000000000000	0.006582378856227
	2.04427341859296	2.69191518251436
0.000000000000000	64.293289604962609
1.000000000000000	-53.121225240800115
2.000000000000000	11.152302930746270
3.000000000000000	-1.406789991079640
4.000000000000000	0.078453998445748
5.000000000000000	0.007266412290631
	1.69553893654414	2.16029279688919
0.000000000000000	194.463317751323615
1.000000000000000	-115.001350742527037
2.000000000000000	17.615512511696391
3.000000000000000	-2.356767874394978
4.000000000000000	0.509240200446317
5.000000000000000	-0.168930296684314
6.000000000000000	-0.002068577974005
7.000000000000000	-0.033827871107443
