X41271
	2.8084279241293	3.75088161429829
0.000000000000000	11.538698747818017
1.000000000000000	-10.522356374809378
2.000000000000000	3.190191604997481
3.000000000000000	-0.673553284473188
4.000000000000000	0.065510642304124
5.000000000000000	0.002497252178203
	2.16257695129936	2.89390257155526
0.000000000000000	63.891824170033466
1.000000000000000	-52.933602566099189
2.000000000000000	11.469640806996145
3.000000000000000	-1.539938326186634
4.000000000000000	0.116077891351074
5.000000000000000	-0.024300128473665
	1.78138473822529	2.29118454704021
0.000000000000000	193.986826330352613
1.000000000000000	-114.962046941731941
2.000000000000000	17.895367170356213
3.000000000000000	-2.391841251049155
4.000000000000000	0.562184855995951
5.000000000000000	-0.188208481722029
6.000000000000000	0.066405039345688
7.000000000000000	-0.017833675309560
