X41283
	2.57675268680889	3.33070139209403
0.000000000000000	11.600751549430118
1.000000000000000	-10.582030241260934
2.000000000000000	3.143460507081063
3.000000000000000	-0.622480024870608
4.000000000000000	0.051121154420214
5.000000000000000	0.007045531879982
	2.02881090247419	2.64703089240758
0.000000000000000	64.259090257188831
1.000000000000000	-53.042133113262444
2.000000000000000	11.102999585091990
3.000000000000000	-1.418734943981552
4.000000000000000	0.104763138013537
5.000000000000000	-0.019746449975348
	1.69553762332473	2.13969758891744
0.000000000000000	194.111334268959297
1.000000000000000	-114.829462004243211
2.000000000000000	17.735662595862053
3.000000000000000	-2.359220688453386
4.000000000000000	0.482008102374429
5.000000000000000	-0.159991511450155
6.000000000000000	0.114127024413105
7.000000000000000	-0.035474109085715
