X41260
	2.56530082977885	3.31141433252843
0.000000000000000	11.611621650172228
1.000000000000000	-10.587274617520311
2.000000000000000	3.131366652952054
3.000000000000000	-0.613389096627941
4.000000000000000	0.048979229755557
5.000000000000000	0.007060447806439
	2.01977176722993	2.63503995669334
0.000000000000000	64.310819762866274
1.000000000000000	-53.096485567580707
2.000000000000000	11.093945436707468
3.000000000000000	-1.396604428976939
4.000000000000000	0.091931849568837
5.000000000000000	-0.015360077848700
	1.68653948050983	2.13035242667194
0.000000000000000	194.365687609365892
1.000000000000000	-114.940983283839543
2.000000000000000	17.542386929970490
3.000000000000000	-2.369514853093536
4.000000000000000	0.543466580602198
5.000000000000000	-0.156220904698558
6.000000000000000	0.039678578976687
7.000000000000000	-0.050336875695944
