X41246
	2.5929943935323	3.35599344077891
0.000000000000000	11.613354194709053
1.000000000000000	-10.582949538909130
2.000000000000000	3.132634688581022
3.000000000000000	-0.618884713700669
4.000000000000000	0.050340634549122
5.000000000000000	0.008345584680418
	2.03824594328979	2.66428569858326
0.000000000000000	64.269627331984083
1.000000000000000	-53.069901201065079
2.000000000000000	11.111005934282986
3.000000000000000	-1.400520645931373
4.000000000000000	0.093304641476585
5.000000000000000	-0.013838736829733
	1.70107582246083	2.15094699654564
0.000000000000000	194.127343897765115
1.000000000000000	-114.960349373845915
2.000000000000000	17.799276987805261
3.000000000000000	-2.426654798317720
4.000000000000000	0.534492633673878
5.000000000000000	-0.200515987935361
6.000000000000000	0.127853786633609
7.000000000000000	-0.005333845939704
