X41268
	2.66261045811475	3.49378571442895
0.000000000000000	11.560028005305190
1.000000000000000	-10.555541383885094
2.000000000000000	3.173841186428716
3.000000000000000	-0.644212805071533
4.000000000000000	0.059352738820803
5.000000000000000	0.007101156310501
	2.07501880835013	2.73894087706994
0.000000000000000	64.145659388104761
1.000000000000000	-53.054708682170229
2.000000000000000	11.275123129359777
3.000000000000000	-1.455352148860640
4.000000000000000	0.089296420906156
5.000000000000000	0.004526839771412
	1.72176034292274	2.19340393245875
0.000000000000000	194.198398476710707
1.000000000000000	-114.938176607659272
2.000000000000000	17.688513085533959
3.000000000000000	-2.278018461452481
4.000000000000000	0.466827502972523
5.000000000000000	-0.214637826907337
6.000000000000000	0.124026932985222
7.000000000000000	-0.016049029223253
