X41214
	2.61045825438396	3.39405470314229
0.000000000000000	11.586578741000681
1.000000000000000	-10.571792390529438
2.000000000000000	3.150824362549253
3.000000000000000	-0.628450302066596
4.000000000000000	0.055412853547012
5.000000000000000	0.005996856147904
	2.04602190407765	2.68315102219824
0.000000000000000	64.252062998158337
1.000000000000000	-53.122484583476293
2.000000000000000	11.217063725953293
3.000000000000000	-1.438003096671253
4.000000000000000	0.086483706259746
5.000000000000000	0.013283425864998
	1.70340058299981	2.16047639456922
0.000000000000000	194.309730181708261
1.000000000000000	-115.012834465288847
2.000000000000000	17.640998762892497
3.000000000000000	-2.381515876217066
4.000000000000000	0.497308823278317
5.000000000000000	-0.155607301907361
6.000000000000000	0.104913483413958
7.000000000000000	0.017148356180332
