X41210
	2.71840502890535	3.58660991102386
0.000000000000000	11.558825918867475
1.000000000000000	-10.551440142277489
2.000000000000000	3.172818724770072
3.000000000000000	-0.645211836137869
4.000000000000000	0.059481563585778
5.000000000000000	0.006362576168548
	2.10625554349406	2.79818426387884
0.000000000000000	64.090062108284997
1.000000000000000	-53.037043079803055
2.000000000000000	11.316245558766058
3.000000000000000	-1.472786796513976
4.000000000000000	0.097642556039606
5.000000000000000	-0.005337856813691
	1.74146250859296	2.22901453304697
0.000000000000000	194.046509195781965
1.000000000000000	-114.910295894846897
2.000000000000000	17.933130623374392
3.000000000000000	-2.391524809620898
4.000000000000000	0.499924201813903
5.000000000000000	-0.294528757343429
6.000000000000000	0.170499553015613
7.000000000000000	-0.007315444575808
