X41264
	2.69163948937691	3.53331156001548
0.000000000000000	11.587916903810134
1.000000000000000	-10.572200428946473
2.000000000000000	3.151142681327541
3.000000000000000	-0.629855731622582
4.000000000000000	0.053807214707911
5.000000000000000	0.006608805211950
	2.08964689428789	2.76958342671006
0.000000000000000	64.135591446258999
1.000000000000000	-53.008172644616167
2.000000000000000	11.243511754962357
3.000000000000000	-1.472982855476876
4.000000000000000	0.103732401074449
5.000000000000000	-0.005899968817613
	1.72779622851527	2.21054855736725
0.000000000000000	194.227988921756804
1.000000000000000	-115.034274497390342
2.000000000000000	17.823677370711493
3.000000000000000	-2.386383604618369
4.000000000000000	0.485327112103973
5.000000000000000	-0.166616062482698
6.000000000000000	0.045332481731796
7.000000000000000	0.013440922978087
