X41212
	2.69543550397933	3.542205946479
0.000000000000000	11.601967408551610
1.000000000000000	-10.552529960501900
2.000000000000000	3.145853215084149
3.000000000000000	-0.640191364397297
4.000000000000000	0.053227823660162
5.000000000000000	0.002542602436719
	2.09464935195863	2.77364116599666
0.000000000000000	64.087367636173710
1.000000000000000	-53.008923057938503
2.000000000000000	11.306040902166352
3.000000000000000	-1.476861773605395
4.000000000000000	0.101358947496761
5.000000000000000	-0.007246991093317
	1.73420764982116	2.21536355164825
0.000000000000000	194.084548029384194
1.000000000000000	-114.909313337456524
2.000000000000000	17.787984786732963
3.000000000000000	-2.337667617256308
4.000000000000000	0.476290232992457
5.000000000000000	-0.191973596136237
6.000000000000000	0.093939216225635
7.000000000000000	0.040323513488339
