X41292
	2.735294299783	3.62064784481523
0.000000000000000	11.549150145155606
1.000000000000000	-10.550109975607993
2.000000000000000	3.182829080448746
3.000000000000000	-0.649845830521750
4.000000000000000	0.058536721638116
5.000000000000000	0.006259277138019
	2.11550546959399	2.81645504624717
0.000000000000000	64.015825793707151
1.000000000000000	-52.967534597149424
2.000000000000000	11.345686231418904
3.000000000000000	-1.508637540989543
4.000000000000000	0.111349220414660
5.000000000000000	-0.008612578834779
	1.74688108509229	2.2394561723403
0.000000000000000	194.046450858504585
1.000000000000000	-114.983059744376803
2.000000000000000	18.010971879756951
3.000000000000000	-2.458549593167690
4.000000000000000	0.565067602640368
5.000000000000000	-0.193656427232039
6.000000000000000	0.063604041522364
7.000000000000000	-0.016476530076068
