X41287
	2.73972016136039	3.61837387953388
0.000000000000000	11.573184340592819
1.000000000000000	-10.556157679758144
2.000000000000000	3.160405177003214
3.000000000000000	-0.643487978135190
4.000000000000000	0.056448807719815
5.000000000000000	0.003628386994395
	2.11741326353808	2.82059135444768
0.000000000000000	64.103917571447269
1.000000000000000	-53.014409116649276
2.000000000000000	11.285893257701627
3.000000000000000	-1.471566770429774
4.000000000000000	0.099736209648341
5.000000000000000	-0.007411937726190
	1.7460028457898	2.24272802551458
0.000000000000000	194.106118114979807
1.000000000000000	-115.121506100900404
2.000000000000000	17.959764355666611
3.000000000000000	-2.346590396841331
4.000000000000000	0.484684915375859
5.000000000000000	-0.169090385962182
6.000000000000000	0.151485362813989
7.000000000000000	-0.025911755855242
