X41208
	2.68094737395152	3.51914926233052
0.000000000000000	11.552413420622656
1.000000000000000	-10.546377992464333
2.000000000000000	3.176622267373488
3.000000000000000	-0.649254669854307
4.000000000000000	0.061368397602048
5.000000000000000	0.005604007569361
	2.09306955377171	2.75769890429791
0.000000000000000	64.008099991025404
1.000000000000000	-52.975700947094197
2.000000000000000	11.375360668664406
3.000000000000000	-1.525900327002945
4.000000000000000	0.117807627114274
5.000000000000000	-0.011487707749140
	1.74960763096985	2.21023820939803
0.000000000000000	193.535378283814310
1.000000000000000	-114.687916332599443
2.000000000000000	18.394125232165216
3.000000000000000	-2.632912214949411
4.000000000000000	0.525532682093134
5.000000000000000	-0.206603276941926
6.000000000000000	0.091288240365555
7.000000000000000	0.023076636601144
