X41259
	2.84699219833015	3.82430008712434
0.000000000000000	11.492483204262980
1.000000000000000	-10.514082788621716
2.000000000000000	3.227977199141743
3.000000000000000	-0.683163324923501
4.000000000000000	0.071815004191451
5.000000000000000	0.004192992706461
	2.18564075938646	2.93473904433086
0.000000000000000	63.864225916921597
1.000000000000000	-52.914184908820999
2.000000000000000	11.490001362553670
3.000000000000000	-1.560019942127974
4.000000000000000	0.122885586199413
5.000000000000000	-0.018706565127597
	1.79751419437077	2.31677734099799
0.000000000000000	193.914139932201721
1.000000000000000	-114.876337462857975
2.000000000000000	18.024870358263104
3.000000000000000	-2.421244250011570
4.000000000000000	0.547708148497158
5.000000000000000	-0.200041521344328
6.000000000000000	0.059169336769919
7.000000000000000	-0.063676971349568
