X41258
	2.72220763595618	3.59735361721495
0.000000000000000	11.547640685556225
1.000000000000000	-10.548575505113380
2.000000000000000	3.183105255807184
3.000000000000000	-0.650334387224845
4.000000000000000	0.061213750177351
5.000000000000000	0.005577820164744
	2.10857347953996	2.80218294304315
0.000000000000000	64.089704777411882
1.000000000000000	-53.028398539138166
2.000000000000000	11.330639234267354
3.000000000000000	-1.493004004589807
4.000000000000000	0.101174393649331
5.000000000000000	0.000610571549185
	1.74149629657081	2.23170212038974
0.000000000000000	194.224774014812453
1.000000000000000	-114.972835430509178
2.000000000000000	17.728820172758887
3.000000000000000	-2.365868936533965
4.000000000000000	0.517058896216558
5.000000000000000	-0.153433906934168
6.000000000000000	0.119976909685825
7.000000000000000	-0.067625623157142
