X41217
	2.61189411460773	3.40480553956901
0.000000000000000	11.572841717277829
1.000000000000000	-10.568057546915451
2.000000000000000	3.165161684744230
3.000000000000000	-0.632569332904173
4.000000000000000	0.056538224149324
5.000000000000000	0.008253652907004
	2.04741050966864	2.68517523732643
0.000000000000000	64.176373258511631
1.000000000000000	-53.065972347957505
2.000000000000000	11.233021941125397
3.000000000000000	-1.431980711837750
4.000000000000000	0.092458584042299
5.000000000000000	-0.002052879907957
	1.70490532693323	2.1611745933008
0.000000000000000	194.375923587369584
1.000000000000000	-114.969275832874203
2.000000000000000	17.544544987003739
3.000000000000000	-2.304539039098819
4.000000000000000	0.557929243026815
5.000000000000000	-0.330502736893752
6.000000000000000	0.108988550960766
7.000000000000000	0.032726737035940
