X41293
	2.56549778735937	3.31603231926333
0.000000000000000	11.617869437370425
1.000000000000000	-10.589206915301274
2.000000000000000	3.123037622943878
3.000000000000000	-0.608637306753012
4.000000000000000	0.046825763586790
5.000000000000000	0.006412606033631
	2.01443951049779	2.63582854226891
0.000000000000000	64.320296355591580
1.000000000000000	-53.110346697359816
2.000000000000000	11.100998052306263
3.000000000000000	-1.401611931625009
4.000000000000000	0.086554511030098
5.000000000000000	-0.007682443621269
	1.67922932958409	2.12634746130416
0.000000000000000	194.323652854627909
1.000000000000000	-115.057597048335324
2.000000000000000	17.702183962613425
3.000000000000000	-2.393437857352362
4.000000000000000	0.555832480199415
5.000000000000000	-0.196305478823690
6.000000000000000	0.109623961794126
7.000000000000000	-0.099318314126539
