X41267
	2.66505083767643	3.49293685268315
0.000000000000000	11.562872422708676
1.000000000000000	-10.558231380460375
2.000000000000000	3.171866811947025
3.000000000000000	-0.643532895398764
4.000000000000000	0.058857117419120
5.000000000000000	0.006462471369715
	2.07948959421421	2.74117324998072
0.000000000000000	64.082327278399475
1.000000000000000	-52.984953198129524
2.000000000000000	11.276979024421298
3.000000000000000	-1.482489834855399
4.000000000000000	0.113815841637003
5.000000000000000	-0.022544465658629
	1.72880326736144	2.19670795992416
0.000000000000000	194.032249524794594
1.000000000000000	-114.722752491677383
2.000000000000000	17.774118845095952
3.000000000000000	-2.425265846881152
4.000000000000000	0.597549189010174
5.000000000000000	-0.228374589725891
6.000000000000000	0.100827035434784
7.000000000000000	-0.125427684423215
