X41288
	2.83534440547764	3.78450971833114
0.000000000000000	11.611875727679488
1.000000000000000	-10.513057624420972
2.000000000000000	3.144194191065743
3.000000000000000	-0.665703011228633
4.000000000000000	0.051913718248154
5.000000000000000	-0.005128153981888
	2.17812423201642	2.92242728539829
0.000000000000000	63.872421307516362
1.000000000000000	-52.911800779925457
2.000000000000000	11.486282905878062
3.000000000000000	-1.564550655429373
4.000000000000000	0.132481287511752
5.000000000000000	-0.017798843065536
	1.79163107853492	2.30858515676297
0.000000000000000	193.982815503044293
1.000000000000000	-115.000174027993253
2.000000000000000	18.005305951906191
3.000000000000000	-2.333594204824810
4.000000000000000	0.417570920935925
5.000000000000000	-0.117362118038909
6.000000000000000	0.057160306850183
7.000000000000000	0.035076561243591
