X41298
	2.6144422335177	3.39755915481802
0.000000000000000	11.591725065193366
1.000000000000000	-10.576109158272878
2.000000000000000	3.146310812388193
3.000000000000000	-0.625957700037274
4.000000000000000	0.053411083601641
5.000000000000000	0.006938438084661
	2.04931941084074	2.68723017621958
0.000000000000000	64.217603654489622
1.000000000000000	-53.053722334070557
2.000000000000000	11.168440566978036
3.000000000000000	-1.427377204578870
4.000000000000000	0.092367529097727
5.000000000000000	-0.005990727002348
	1.7073212795982	2.16361160273686
0.000000000000000	194.243297478070332
1.000000000000000	-115.015580231181019
2.000000000000000	17.781769539692615
3.000000000000000	-2.453522184882474
4.000000000000000	0.588369688726233
5.000000000000000	-0.125129357663405
6.000000000000000	0.022538320004517
7.000000000000000	0.002665192696507
