X41281
	2.72965114584916	3.5984959826072
0.000000000000000	11.592220793043637
1.000000000000000	-10.560339421815062
2.000000000000000	3.149833624915255
3.000000000000000	-0.638528625639693
4.000000000000000	0.053038864594955
5.000000000000000	0.005012868357524
	2.11157598666237	2.81021339786048
0.000000000000000	64.117077625517254
1.000000000000000	-53.037632623953471
2.000000000000000	11.280633485267513
3.000000000000000	-1.462214899509044
4.000000000000000	0.094422059513737
5.000000000000000	0.007928162081236
	1.74174706453913	2.23580095692914
0.000000000000000	194.080126190046798
1.000000000000000	-114.905829382466066
2.000000000000000	17.946998057376472
3.000000000000000	-2.392754095539215
4.000000000000000	0.475779003744876
5.000000000000000	-0.156181116748467
6.000000000000000	0.066310430013085
7.000000000000000	-0.045721190431769
