X41284
	2.84591010587218	3.82605619181121
0.000000000000000	11.499909334398501
1.000000000000000	-10.520125453983248
2.000000000000000	3.222569721371195
3.000000000000000	-0.678726729953781
4.000000000000000	0.072135534520682
5.000000000000000	0.005065695592733
	2.18278635440719	2.93408243023235
0.000000000000000	63.845663582304247
1.000000000000000	-52.905082386804679
2.000000000000000	11.505594446464523
3.000000000000000	-1.556762601005368
4.000000000000000	0.120308737531406
5.000000000000000	-0.024632812104792
	1.79500672916422	2.31417297409081
0.000000000000000	193.789357346026861
1.000000000000000	-114.836688835002647
2.000000000000000	18.161770469902137
3.000000000000000	-2.429373982749614
4.000000000000000	0.493758946570593
5.000000000000000	-0.213499311365648
6.000000000000000	0.142088701483375
7.000000000000000	-0.058153931137092
