X41285
	2.55888207370727	3.2799765125717
0.000000000000000	11.827275603435785
1.000000000000000	-10.561682586563380
2.000000000000000	2.981525723886965
3.000000000000000	-0.598729309957011
4.000000000000000	0.014826107356550
5.000000000000000	-0.013014060444461
	2.01501285203685	2.62895348299464
0.000000000000000	64.263311553452638
1.000000000000000	-53.093482682575662
2.000000000000000	11.143931713804674
3.000000000000000	-1.405480717685500
4.000000000000000	0.084200294215928
5.000000000000000	-0.001282546209735
	1.68238346659446	2.12508367991667
0.000000000000000	194.579204590666251
1.000000000000000	-115.227565743797058
2.000000000000000	17.655366199715409
3.000000000000000	-2.267380898701312
4.000000000000000	0.405299144731171
5.000000000000000	-0.171515314676776
6.000000000000000	0.072147992303060
7.000000000000000	0.047524975339450
