X41249
	2.81117991983125	3.74427070676576
0.000000000000000	11.624789408321680
1.000000000000000	-10.522003438846092
2.000000000000000	3.135552594574611
3.000000000000000	-0.658767909910811
4.000000000000000	0.050236975067523
5.000000000000000	-0.005209677291266
	2.16072075084523	2.89731268024034
0.000000000000000	63.915613149667536
1.000000000000000	-52.954534084029497
2.000000000000000	11.475488181183954
3.000000000000000	-1.551357109407331
4.000000000000000	0.113336020361928
5.000000000000000	-0.003582382243485
	1.77764797349564	2.28997843897697
0.000000000000000	194.040636137958216
1.000000000000000	-114.928505699772870
2.000000000000000	17.950409631756646
3.000000000000000	-2.322771091686881
4.000000000000000	0.438839947921796
5.000000000000000	-0.209818191746817
6.000000000000000	0.100303377324339
7.000000000000000	-0.059380389404688
