X41248
	2.83268865426172	3.80076596320873
0.000000000000000	11.493616691429278
1.000000000000000	-10.513994016230578
2.000000000000000	3.224640804073514
3.000000000000000	-0.680283238517746
4.000000000000000	0.071213328521729
5.000000000000000	0.004208637603281
	2.1769002616217	2.91958673520835
0.000000000000000	63.852929035983777
1.000000000000000	-52.900573340236534
2.000000000000000	11.495252352414912
3.000000000000000	-1.575820549118099
4.000000000000000	0.133191619066011
5.000000000000000	-0.018594853502415
	1.79060235765675	2.30685599836259
0.000000000000000	193.990178510596422
1.000000000000000	-114.975703286646706
2.000000000000000	18.029951990095672
3.000000000000000	-2.375671810778374
4.000000000000000	0.433987438643416
5.000000000000000	-0.165916668136740
6.000000000000000	0.146604601558536
7.000000000000000	-0.043187558351102
