X41265
	2.72793516398137	3.60828787329073
0.000000000000000	11.546218226788836
1.000000000000000	-10.548102405112623
2.000000000000000	3.184804720389341
3.000000000000000	-0.652222649042197
4.000000000000000	0.061747223659000
5.000000000000000	0.005558314271469
	2.11210098119495	2.80839356110724
0.000000000000000	64.022399972061052
1.000000000000000	-52.966403961451476
2.000000000000000	11.342212467984023
3.000000000000000	-1.508462055443607
4.000000000000000	0.113596810957482
5.000000000000000	-0.011562277686035
	1.74473284537175	2.23501153096576
0.000000000000000	194.106456390814003
1.000000000000000	-114.866620576199821
2.000000000000000	17.836019286154180
3.000000000000000	-2.392584342809061
4.000000000000000	0.530380948063682
5.000000000000000	-0.167238742812897
6.000000000000000	0.018195652953248
7.000000000000000	-0.044274561735537
