X41270
	2.82783853572069	3.79356330103406
0.000000000000000	11.504566390593450
1.000000000000000	-10.520347303379648
2.000000000000000	3.219225569427752
3.000000000000000	-0.679792881907786
4.000000000000000	0.070353293253485
5.000000000000000	0.005327992884740
	2.17367121234252	2.91482999222781
0.000000000000000	63.850430665799607
1.000000000000000	-52.912533981182747
2.000000000000000	11.515591074136436
3.000000000000000	-1.572597256406810
4.000000000000000	0.119044871083974
5.000000000000000	-0.001606715664810
	1.78844519867607	2.30379479803502
0.000000000000000	193.825643133475864
1.000000000000000	-114.846100172762661
2.000000000000000	18.007612291407682
3.000000000000000	-2.422289225157881
4.000000000000000	0.526896385055962
5.000000000000000	-0.257096176162708
6.000000000000000	0.156613560148887
7.000000000000000	0.009723920174898
