X41257
	2.57547238783471	3.33286379753791
0.000000000000000	11.596333819529997
1.000000000000000	-10.576632211563895
2.000000000000000	3.140325001592902
3.000000000000000	-0.619284445597588
4.000000000000000	0.051012493431442
5.000000000000000	0.007048906346310
	2.02585281369755	2.6459554167294
0.000000000000000	64.245726468150252
1.000000000000000	-53.057969748372528
2.000000000000000	11.136149140865282
3.000000000000000	-1.431058220250640
4.000000000000000	0.109330175591794
5.000000000000000	-0.014337574369265
	1.69188159014894	2.13695866643409
0.000000000000000	194.189649566380751
1.000000000000000	-114.856732413393843
2.000000000000000	17.648004679885751
3.000000000000000	-2.361879872895179
4.000000000000000	0.491074528324766
5.000000000000000	-0.143334902144182
6.000000000000000	0.080098758262393
7.000000000000000	-0.007369334162687
