X41263
	2.63179373223582	3.4371117135725
0.000000000000000	11.581393184710288
1.000000000000000	-10.568133221481892
2.000000000000000	3.153054792820669
3.000000000000000	-0.628885361500776
4.000000000000000	0.054479947253542
5.000000000000000	0.006283613076806
	2.05414944485297	2.70638696971001
0.000000000000000	64.195493513467184
1.000000000000000	-53.070526274425688
2.000000000000000	11.224621926310617
3.000000000000000	-1.449489321178184
4.000000000000000	0.092206275511414
5.000000000000000	0.006544024145141
	1.70706524953184	2.17101239569725
0.000000000000000	194.074990810780008
1.000000000000000	-114.915795852912097
2.000000000000000	17.798071537549809
3.000000000000000	-2.390201499279511
4.000000000000000	0.577046015503675
5.000000000000000	-0.184077455724261
6.000000000000000	0.058938635195035
7.000000000000000	-0.008848133981966
