X41297
	2.69846578248589	3.55269307480616
0.000000000000000	11.561373883986223
1.000000000000000	-10.557715483097461
2.000000000000000	3.170488328225739
3.000000000000000	-0.642868518112752
4.000000000000000	0.059149614547681
5.000000000000000	0.005662053756279
	2.09530143360991	2.77696400511989
0.000000000000000	64.068900860499795
1.000000000000000	-52.985361864162279
2.000000000000000	11.302637514172188
3.000000000000000	-1.493520662370683
4.000000000000000	0.105415184793773
5.000000000000000	-0.005883306453200
	1.73451548558827	2.21615779714009
0.000000000000000	194.264829239025744
1.000000000000000	-115.132195814449915
2.000000000000000	17.897295470224027
3.000000000000000	-2.352099946534956
4.000000000000000	0.490140604311175
5.000000000000000	-0.103589806004208
6.000000000000000	-0.039850738037707
7.000000000000000	0.019459987775414
