X41279
	2.81979234673007	3.77650816111245
0.000000000000000	11.519869346260904
1.000000000000000	-10.528711694195588
2.000000000000000	3.204153680473867
3.000000000000000	-0.670795998855254
4.000000000000000	0.066691203925358
5.000000000000000	0.004130821543399
	2.16449180778751	2.90635477319795
0.000000000000000	63.937200922432147
1.000000000000000	-52.969918331914378
2.000000000000000	11.461231623692951
3.000000000000000	-1.532596325727207
4.000000000000000	0.100204584316580
5.000000000000000	0.002776312418333
	1.77949771770985	2.29488814656401
0.000000000000000	194.056284933445170
1.000000000000000	-114.986277897534265
2.000000000000000	18.011567917385182
3.000000000000000	-2.391177168147526
4.000000000000000	0.527337517766523
5.000000000000000	-0.141077695242151
6.000000000000000	-0.030859923016448
7.000000000000000	-0.009851320043365
