X41269
	2.83513956839998	3.80164966783743
0.000000000000000	11.517124894769490
1.000000000000000	-10.529373735594943
2.000000000000000	3.209752406280638
3.000000000000000	-0.671550092048760
4.000000000000000	0.067147309028227
5.000000000000000	0.006222015348596
	2.17396392074312	2.92264722605372
0.000000000000000	63.913730658213417
1.000000000000000	-52.937085501103191
2.000000000000000	11.454069163603359
3.000000000000000	-1.546097862934356
4.000000000000000	0.115117767350067
5.000000000000000	-0.004249908365437
	1.78328691494602	2.3060828403002
0.000000000000000	193.849395340230842
1.000000000000000	-114.917030627579521
2.000000000000000	18.023500661674799
3.000000000000000	-2.413838736922096
4.000000000000000	0.527013932176564
5.000000000000000	-0.224958227995915
6.000000000000000	0.165047606706653
7.000000000000000	-0.028601782747128
