X41255
	2.67877748540055	3.4792000584536
0.000000000000000	11.809937550775416
1.000000000000000	-10.543585395333819
2.000000000000000	3.007998943276572
3.000000000000000	-0.598410545417897
4.000000000000000	0.022676480524647
5.000000000000000	-0.011598989627721
	2.08291965781334	2.75600922997623
0.000000000000000	64.106568596005630
1.000000000000000	-52.979257422355261
2.000000000000000	11.233658594519110
3.000000000000000	-1.473357863705011
4.000000000000000	0.119965387536811
5.000000000000000	-0.030634122199623
	1.72699829364156	2.20270886847748
0.000000000000000	193.822309551361570
1.000000000000000	-114.758334213581420
2.000000000000000	17.981501764009771
3.000000000000000	-2.459848503213215
4.000000000000000	0.537392315212235
5.000000000000000	-0.162060487970713
6.000000000000000	0.119652733162569
7.000000000000000	-0.087348617519454
