X41299
	2.83299501206245	3.80102284381113
0.000000000000000	11.509260378173758
1.000000000000000	-10.521651076042589
2.000000000000000	3.213474333817417
3.000000000000000	-0.676526965861586
4.000000000000000	0.069929452557145
5.000000000000000	0.003916010382250
	2.17384499264029	2.92042442494872
0.000000000000000	63.879905102657858
1.000000000000000	-52.932980368841896
2.000000000000000	11.491314207876519
3.000000000000000	-1.560563071951030
4.000000000000000	0.116380991721400
5.000000000000000	-0.003296801529710
	1.78687899515143	2.3046849258261
0.000000000000000	193.937958326742034
1.000000000000000	-114.857795671168901
2.000000000000000	17.982659647755185
3.000000000000000	-2.405794060044919
4.000000000000000	0.562883948663121
5.000000000000000	-0.253383306798557
6.000000000000000	0.099657213455791
7.000000000000000	-0.089732071797699
