X41256
	2.56628381786818	3.31718137972698
0.000000000000000	11.585609082307291
1.000000000000000	-10.570095933148593
2.000000000000000	3.149715034326786
3.000000000000000	-0.626319818197933
4.000000000000000	0.053119573544764
5.000000000000000	0.007038715311045
	2.0231723444663	2.63589263554438
0.000000000000000	64.265407851318713
1.000000000000000	-53.070858618371254
2.000000000000000	11.117678165754068
3.000000000000000	-1.410490520529800
4.000000000000000	0.095747107613244
5.000000000000000	-0.012379140657462
	1.69192776242926	2.13322105457533
0.000000000000000	194.324743656282123
1.000000000000000	-114.989383608363695
2.000000000000000	17.615995786091766
3.000000000000000	-2.333457095721613
4.000000000000000	0.523332572967258
5.000000000000000	-0.169423089283830
6.000000000000000	0.105215609251985
7.000000000000000	-0.006035340766070
