X41244
	2.69944729218353	3.56058832568561
0.000000000000000	11.543795215341934
1.000000000000000	-10.546425618016448
2.000000000000000	3.186584885619612
3.000000000000000	-0.653495032308902
4.000000000000000	0.063606079517642
5.000000000000000	0.005675863564888
	2.09764758272829	2.77818817832106
0.000000000000000	64.055872467291920
1.000000000000000	-53.023229081781949
2.000000000000000	11.361028730079648
3.000000000000000	-1.500724072989324
4.000000000000000	0.111570792185403
5.000000000000000	-0.006816818457519
	1.73773922331053	2.2180691629487
0.000000000000000	194.013284604096952
1.000000000000000	-114.681167612650014
2.000000000000000	17.680370552817145
3.000000000000000	-2.431590685813747
4.000000000000000	0.568518008778226
5.000000000000000	-0.258354751655108
6.000000000000000	0.068459882822890
7.000000000000000	0.042011315868336
