X41242
	2.53812769954325	3.259442623471
0.000000000000000	11.616012076226013
1.000000000000000	-10.588388244300283
2.000000000000000	3.125227108279762
3.000000000000000	-0.611317751134306
4.000000000000000	0.050372427729063
5.000000000000000	0.007040821117828
	2.0098361930578	2.60574489403601
0.000000000000000	64.264893857405553
1.000000000000000	-53.078411706902912
2.000000000000000	11.150359843998528
3.000000000000000	-1.442301994219723
4.000000000000000	0.110848014908309
5.000000000000000	-0.012778837339401
	1.69015255976831	2.1164234949876
0.000000000000000	194.023932615614797
1.000000000000000	-114.697191746594242
2.000000000000000	17.768764023169435
3.000000000000000	-2.525313596188957
4.000000000000000	0.587710242486697
5.000000000000000	-0.312873158598625
6.000000000000000	0.174195965295028
7.000000000000000	-0.014238336968248
