X41243
	2.6178304868297	3.41108277811002
0.000000000000000	11.596215069346139
1.000000000000000	-10.579075131457440
2.000000000000000	3.144068646781140
3.000000000000000	-0.621977555631768
4.000000000000000	0.053191401943623
5.000000000000000	0.007167192512193
	2.04520315958348	2.69171787294949
0.000000000000000	64.222592407797379
1.000000000000000	-53.086601732683597
2.000000000000000	11.210642039383389
3.000000000000000	-1.446103087591281
4.000000000000000	0.100431731908997
5.000000000000000	-0.003428260733220
	1.69912597490328	2.16062421294057
0.000000000000000	194.233187078750404
1.000000000000000	-114.878813666115718
2.000000000000000	17.701645669037322
3.000000000000000	-2.454823212572709
4.000000000000000	0.558264506429036
5.000000000000000	-0.231825625277458
6.000000000000000	0.067242291714986
7.000000000000000	-0.023876520401012
