X41277
	2.83322818540287	3.80578967871232
0.000000000000000	11.503349940897500
1.000000000000000	-10.520653803204715
2.000000000000000	3.219378244681286
3.000000000000000	-0.677113848887490
4.000000000000000	0.070266410467269
5.000000000000000	0.005502981436483
	2.17256440337754	2.92078206667935
0.000000000000000	63.892040783810629
1.000000000000000	-52.942841625266752
2.000000000000000	11.497937821703992
3.000000000000000	-1.559476112532268
4.000000000000000	0.119535490684753
5.000000000000000	-0.005703709175689
	1.78479518143931	2.3036878496369
0.000000000000000	193.921532458039735
1.000000000000000	-114.868583914584548
2.000000000000000	18.025215962591034
3.000000000000000	-2.433079317934121
4.000000000000000	0.503807639163541
5.000000000000000	-0.203367302446502
6.000000000000000	0.120352345325334
7.000000000000000	-0.056810157906532
