X41203
	2.82638288691301	3.78929799104066
0.000000000000000	11.496493897886728
1.000000000000000	-10.520170543973167
2.000000000000000	3.226601955611854
3.000000000000000	-0.677545358878541
4.000000000000000	0.070988817309553
5.000000000000000	0.006007856359109
	2.17389458149915	2.91311482277387
0.000000000000000	63.916478074366402
1.000000000000000	-52.991635346218615
2.000000000000000	11.496023752488362
3.000000000000000	-1.521395119359912
4.000000000000000	0.092276937061535
5.000000000000000	0.003301020076799
	1.788331731334	2.30402246119865
0.000000000000000	194.041750007304102
1.000000000000000	-114.873225375923539
2.000000000000000	17.812874071409372
3.000000000000000	-2.315218025172824
4.000000000000000	0.526898539344267
5.000000000000000	-0.254506640443612
6.000000000000000	0.079070396064605
7.000000000000000	-0.012727779232319
