X41216
	2.73346200770011	3.60939783315217
0.000000000000000	11.558380420734625
1.000000000000000	-10.559333198907211
2.000000000000000	3.175164806104938
3.000000000000000	-0.638500216750203
4.000000000000000	0.058822876313014
5.000000000000000	0.006945354939970
	2.1147367179649	2.81396653892503
0.000000000000000	64.123293797520318
1.000000000000000	-53.038038909220937
2.000000000000000	11.270606136055488
3.000000000000000	-1.442209733188208
4.000000000000000	0.086087243946920
5.000000000000000	0.001432109462457
	1.74346241307364	2.23911713729658
0.000000000000000	194.127819548260788
1.000000000000000	-114.810896875732993
2.000000000000000	17.718799630701341
3.000000000000000	-2.326778236228858
4.000000000000000	0.588562309891224
5.000000000000000	-0.328222096984271
6.000000000000000	0.049277155018195
7.000000000000000	-0.006826949481238
