X41206
	2.68963530986362	3.53383542924429
0.000000000000000	11.597903193922983
1.000000000000000	-10.545070576572499
2.000000000000000	3.147788134945416
3.000000000000000	-0.644798981557688
4.000000000000000	0.054222810530901
5.000000000000000	0.001460681832982
	2.09246936176082	2.76742506748176
0.000000000000000	64.097646027470944
1.000000000000000	-53.037238395670123
2.000000000000000	11.320594449641284
3.000000000000000	-1.465813067688645
4.000000000000000	0.085167332563897
5.000000000000000	0.004736039738203
	1.73535014698118	2.21264952259885
0.000000000000000	194.082879302509894
1.000000000000000	-114.909999401935934
2.000000000000000	17.749266095563485
3.000000000000000	-2.287545913213815
4.000000000000000	0.519632378530225
5.000000000000000	-0.263630924773779
6.000000000000000	0.173578987089162
7.000000000000000	-0.044128272931653
