X41252
	2.70385737214655	3.56157269407062
0.000000000000000	11.559623815148878
1.000000000000000	-10.555166941357227
2.000000000000000	3.171100945592701
3.000000000000000	-0.640573701243278
4.000000000000000	0.058101316796904
5.000000000000000	0.006023344219309
	2.09760488388298	2.78264221672701
0.000000000000000	64.094290969094487
1.000000000000000	-53.011448848295146
2.000000000000000	11.297409179358549
3.000000000000000	-1.489333921623369
4.000000000000000	0.108543305724582
5.000000000000000	-0.001891230527834
	1.73565302346861	2.219269351925
0.000000000000000	194.116769410556173
1.000000000000000	-115.045195387419312
2.000000000000000	18.024023192887647
3.000000000000000	-2.464834443537809
4.000000000000000	0.503776868530477
5.000000000000000	-0.162438689430282
6.000000000000000	0.083675233905500
7.000000000000000	0.022723062753955
