X41240
	2.58282592580116	3.33769217035989
0.000000000000000	11.646680631568566
1.000000000000000	-10.578982352446706
2.000000000000000	3.112471126938805
3.000000000000000	-0.609461359509742
4.000000000000000	0.048741475960272
5.000000000000000	0.007194103850512
	2.03035575237628	2.6538551317233
0.000000000000000	64.261758535347369
1.000000000000000	-53.079293332019446
2.000000000000000	11.138040033333722
3.000000000000000	-1.412684335604363
4.000000000000000	0.089764750652909
5.000000000000000	-0.006706334463342
	1.69507626255148	2.14225649783648
0.000000000000000	194.142531250831212
1.000000000000000	-114.853472671305425
2.000000000000000	17.700698676383098
3.000000000000000	-2.382683977289461
4.000000000000000	0.539978280425709
5.000000000000000	-0.230869486672129
6.000000000000000	0.070366741250307
7.000000000000000	-0.027449094467395
