X41286
	2.71925772419802	3.58431275175651
0.000000000000000	11.574049785319930
1.000000000000000	-10.558590457495292
2.000000000000000	3.163859286122815
3.000000000000000	-0.645927522606696
4.000000000000000	0.056969361720130
5.000000000000000	0.004144251985944
	2.10811954201775	2.79900558615931
0.000000000000000	64.093222461531795
1.000000000000000	-53.023422100305460
2.000000000000000	11.312615254542658
3.000000000000000	-1.485116251646262
4.000000000000000	0.100481848904509
5.000000000000000	-0.005512621601286
	1.74471986861863	2.2304001499242
0.000000000000000	193.947481252121378
1.000000000000000	-114.703416719168373
2.000000000000000	17.871469564817044
3.000000000000000	-2.394211596228073
4.000000000000000	0.474432709710024
5.000000000000000	-0.242788928043151
6.000000000000000	0.129887129651691
7.000000000000000	-0.041328281406111
