X41238
	2.80497259395282	3.74635790366864
0.000000000000000	11.548277615185109
1.000000000000000	-10.519206708681443
2.000000000000000	3.193054323444236
3.000000000000000	-0.666894626349551
4.000000000000000	0.067265035657472
5.000000000000000	0.004705169248765
	2.15975019596068	2.89054719180327
0.000000000000000	63.889932142230968
1.000000000000000	-52.928133572786535
2.000000000000000	11.471533119683023
3.000000000000000	-1.548209663777600
4.000000000000000	0.115387916631515
5.000000000000000	-0.010765256803279
	1.77875486196124	2.28810800099789
0.000000000000000	194.014633158284482
1.000000000000000	-114.969513812520517
2.000000000000000	17.937987715527985
3.000000000000000	-2.335779155427196
4.000000000000000	0.443312255531382
5.000000000000000	-0.145814030413368
6.000000000000000	0.032009561648023
7.000000000000000	-0.022372723653607
