X41213
	2.67411645427979	3.50663990927768
0.000000000000000	11.564856507093957
1.000000000000000	-10.562026998128086
2.000000000000000	3.170657390751651
3.000000000000000	-0.637178560505636
4.000000000000000	0.057795613053355
5.000000000000000	0.007810410887642
	2.08369557284145	2.75094086172608
0.000000000000000	64.163469455578010
1.000000000000000	-53.090031033462552
2.000000000000000	11.272467382904582
3.000000000000000	-1.432023401595723
4.000000000000000	0.073872528954642
5.000000000000000	0.005817007087355
	1.72839120279334	2.20264791955963
0.000000000000000	194.247534825226694
1.000000000000000	-114.935695342583955
2.000000000000000	17.725955598295041
3.000000000000000	-2.345727717185913
4.000000000000000	0.521000918491934
5.000000000000000	-0.308236105499942
6.000000000000000	0.092928314694317
7.000000000000000	0.001825930683337
