X41266
	2.71778306386696	3.57880116015117
0.000000000000000	11.564196037480645
1.000000000000000	-10.560068428049201
2.000000000000000	3.171078250434183
3.000000000000000	-0.641375709356667
4.000000000000000	0.058026946540021
5.000000000000000	0.006069946777057
	2.1065267419381	2.79698961427653
0.000000000000000	64.129098824750855
1.000000000000000	-53.008638698679277
2.000000000000000	11.239608561496182
3.000000000000000	-1.461236266433957
4.000000000000000	0.103736514800815
5.000000000000000	-0.011955868400659
	1.73828773513707	2.22920677612571
0.000000000000000	194.230429209318885
1.000000000000000	-114.893261161798094
2.000000000000000	17.736130863798426
3.000000000000000	-2.374017818628724
4.000000000000000	0.570368548905600
5.000000000000000	-0.240994972294886
6.000000000000000	0.106215046781791
7.000000000000000	-0.098360161424159
