X41209
	2.5409143395433	3.27003325809511
0.000000000000000	11.634866493150360
1.000000000000000	-10.602725046479259
2.000000000000000	3.112481953974192
3.000000000000000	-0.599823911177162
4.000000000000000	0.045193498348011
5.000000000000000	0.008709489170246
	2.00054300621955	2.60970797252025
0.000000000000000	64.378607859123008
1.000000000000000	-53.125830382786248
2.000000000000000	11.028547804989790
3.000000000000000	-1.359713045486364
4.000000000000000	0.073239687129075
5.000000000000000	-0.006942876114928
	1.67023146915116	2.110549847643
0.000000000000000	194.217264833803767
1.000000000000000	-114.782801517747401
2.000000000000000	17.585317795937755
3.000000000000000	-2.342826606903008
4.000000000000000	0.551722797072995
5.000000000000000	-0.178159140964895
6.000000000000000	0.078470115490456
7.000000000000000	-0.076218081741884
