X41290
	2.68779718674732	3.53498105184052
0.000000000000000	11.561517246867858
1.000000000000000	-10.548362594396963
2.000000000000000	3.168547218840193
3.000000000000000	-0.650649285485851
4.000000000000000	0.059120613341495
5.000000000000000	0.003829806731256
	2.09101678771747	2.76542746559018
0.000000000000000	64.099420807502724
1.000000000000000	-53.028821333568530
2.000000000000000	11.310163528969392
3.000000000000000	-1.476673092287341
4.000000000000000	0.097601685742170
5.000000000000000	-0.004561028843481
	1.73401266773048	2.21099384019939
0.000000000000000	194.208356479276375
1.000000000000000	-115.059462049311676
2.000000000000000	17.758670426613360
3.000000000000000	-2.285287140384517
4.000000000000000	0.457230885377134
5.000000000000000	-0.151343520208126
6.000000000000000	0.094734425769684
7.000000000000000	0.028709458156636
