X41254
	2.82480213580216	3.745293164144
0.000000000000000	11.743965814663495
1.000000000000000	-10.505289535212217
2.000000000000000	3.061108101838495
3.000000000000000	-0.636337629622518
4.000000000000000	0.034150696709251
5.000000000000000	-0.013440108876093
	2.16738463040682	2.91160419613065
0.000000000000000	63.888146312550610
1.000000000000000	-52.897459658974121
2.000000000000000	11.435630560000845
3.000000000000000	-1.547739869003725
4.000000000000000	0.127953129917507
5.000000000000000	-0.028627243360010
	1.78006955678707	2.29806779971489
0.000000000000000	193.833796548915046
1.000000000000000	-114.859896116806979
2.000000000000000	18.056413227485816
3.000000000000000	-2.395372242743430
4.000000000000000	0.476586650607944
5.000000000000000	-0.144309994055435
6.000000000000000	0.104952733948596
7.000000000000000	-0.018270415487764
