X41289
	2.84222795391871	3.79769188851333
0.000000000000000	11.612417982590950
1.000000000000000	-10.514056346836369
2.000000000000000	3.143747752208378
3.000000000000000	-0.665158183405577
4.000000000000000	0.051628496101519
5.000000000000000	-0.005150974124078
	2.18075253946678	2.92986043490725
0.000000000000000	63.866895735173394
1.000000000000000	-52.906138553130866
2.000000000000000	11.492118239643503
3.000000000000000	-1.572116406323145
4.000000000000000	0.136909289397802
5.000000000000000	-0.020727736858895
	1.79229024887637	2.31171093792882
0.000000000000000	193.897127081801443
1.000000000000000	-114.809991511180470
2.000000000000000	17.934286573310676
3.000000000000000	-2.360340835194517
4.000000000000000	0.470118594308698
5.000000000000000	-0.226196692512326
6.000000000000000	0.155882989822761
7.000000000000000	-0.040084044311957
