X41207
	2.59054605062027	3.35757205771685
0.000000000000000	11.596022925163883
1.000000000000000	-10.577966824971519
2.000000000000000	3.144094572753567
3.000000000000000	-0.623617320730553
4.000000000000000	0.053663625587453
5.000000000000000	0.006290621285745
	2.03542245318375	2.6618777396812
0.000000000000000	64.279204210999524
1.000000000000000	-53.134205440669795
2.000000000000000	11.197550888247184
3.000000000000000	-1.424321049435383
4.000000000000000	0.073889842163100
5.000000000000000	0.025419854989178
	1.69968348493137	2.14803393670475
0.000000000000000	194.110696466489372
1.000000000000000	-114.771868419738155
2.000000000000000	17.711667211445420
3.000000000000000	-2.461128614501636
4.000000000000000	0.531567538524474
5.000000000000000	-0.162073163764748
6.000000000000000	0.079465843596881
7.000000000000000	-0.028853162803707
