X41278
	2.72406461180689	3.59555133184175
0.000000000000000	11.566878537024245
1.000000000000000	-10.560721381629582
2.000000000000000	3.168215984177358
3.000000000000000	-0.638340914782238
4.000000000000000	0.056780453560741
5.000000000000000	0.007499478090397
	2.10675630219554	2.80432448280471
0.000000000000000	64.144237930864307
1.000000000000000	-53.065581816284222
2.000000000000000	11.290370532704518
3.000000000000000	-1.456004197365543
4.000000000000000	0.082894054582724
5.000000000000000	0.010935807418461
	1.73767884389988	2.23111584301748
0.000000000000000	194.040379392515746
1.000000000000000	-114.882347672827123
2.000000000000000	17.875247789375308
3.000000000000000	-2.406557393607295
4.000000000000000	0.498640853205026
5.000000000000000	-0.222420682034468
6.000000000000000	0.119025094739484
7.000000000000000	-0.014961351111639
