X41241
	2.59314603987309	3.36529046141141
0.000000000000000	11.623692040291754
1.000000000000000	-10.565666110559142
2.000000000000000	3.132790891554501
3.000000000000000	-0.623576443909050
4.000000000000000	0.052434181477090
5.000000000000000	0.007622460007799
	2.03754505610316	2.66519640920183
0.000000000000000	64.143449531390203
1.000000000000000	-53.016417665122560
2.000000000000000	11.226434592003869
3.000000000000000	-1.447819954894536
4.000000000000000	0.093957870401533
5.000000000000000	-0.005514997815240
	1.70408785718701	2.1494780412895
0.000000000000000	194.061632082600482
1.000000000000000	-114.940731478622013
2.000000000000000	17.913492107508102
3.000000000000000	-2.397875749561053
4.000000000000000	0.464223952975654
5.000000000000000	-0.143422954896698
6.000000000000000	0.081857762654333
7.000000000000000	-0.099466660496658
