X41251
	2.59946668092066	3.3822017406343
0.000000000000000	11.580848750724268
1.000000000000000	-10.569593135459861
2.000000000000000	3.159437325417643
3.000000000000000	-0.634013764399260
4.000000000000000	0.054603464962924
5.000000000000000	0.007162263544464
	2.03961864552368	2.67191319732638
0.000000000000000	64.175479693014282
1.000000000000000	-53.041368576436518
2.000000000000000	11.222771933808069
3.000000000000000	-1.451732182919383
4.000000000000000	0.092506923969853
5.000000000000000	-0.001031548468380
	1.70371540366132	2.15235886563422
0.000000000000000	193.915435055167563
1.000000000000000	-114.650899249316367
2.000000000000000	17.854742880712948
3.000000000000000	-2.445780557950114
4.000000000000000	0.546353078350279
5.000000000000000	-0.231397234006767
6.000000000000000	0.128637239204149
7.000000000000000	-0.113537345659364
