X41336
	2.68578379597157	3.52983404130811
0.000000000000000	11.569603026284170
1.000000000000000	-10.556994009251650
2.000000000000000	3.169547592437455
3.000000000000000	-0.643963372522725
4.000000000000000	0.058124031402897
5.000000000000000	0.007185596060780
	2.09071257177849	2.76348575837509
0.000000000000000	64.085889666602384
1.000000000000000	-53.009595318176800
2.000000000000000	11.296247692437410
3.000000000000000	-1.466827272099426
4.000000000000000	0.095318623187733
5.000000000000000	-0.006877928425286
	1.73315270950549	2.21008790523402
0.000000000000000	194.185104568567993
1.000000000000000	-114.952228075809543
2.000000000000000	17.813434185100476
3.000000000000000	-2.342486312412406
4.000000000000000	0.467888600779378
5.000000000000000	-0.229537384016435
6.000000000000000	0.147430691462677
7.000000000000000	-0.025315590410259
