X41301
	2.71307884349351	3.5739090771325
0.000000000000000	11.571016023538636
1.000000000000000	-10.564673457741627
2.000000000000000	3.163457409057756
3.000000000000000	-0.636434130566552
4.000000000000000	0.056651336258703
5.000000000000000	0.006181878079856
	2.10152612540812	2.79250800880282
0.000000000000000	64.101655486430474
1.000000000000000	-52.998021881371145
2.000000000000000	11.266038067149086
3.000000000000000	-1.472368686037108
4.000000000000000	0.097491462876965
5.000000000000000	-0.003417716697571
	1.73499773639394	2.22457063768259
0.000000000000000	194.092308499899985
1.000000000000000	-114.960607875605603
2.000000000000000	17.838078641158187
3.000000000000000	-2.366233718860555
4.000000000000000	0.531591171223384
5.000000000000000	-0.135424847896056
6.000000000000000	0.055546695840645
7.000000000000000	-0.021400441362486
