X41316
	2.83580358747261	3.80568924672621
0.000000000000000	11.497792810359181
1.000000000000000	-10.519211795143056
2.000000000000000	3.226186691019334
3.000000000000000	-0.680954156019803
4.000000000000000	0.071108841177229
5.000000000000000	0.005124338631085
	2.17893949856503	2.92307333016394
0.000000000000000	63.979010467313486
1.000000000000000	-53.115554273478040
2.000000000000000	11.636902161997446
3.000000000000000	-1.577670785445893
4.000000000000000	0.040168428693549
5.000000000000000	0.161894767851882
	1.79070426356995	2.30865247997932
0.000000000000000	194.294414467780115
1.000000000000000	-114.496140803542190
2.000000000000000	17.913505343990042
3.000000000000000	-2.543118324738497
4.000000000000000	0.240146671341443
5.000000000000000	-0.515186828813476
6.000000000000000	-0.068739176937439
7.000000000000000	-0.112185561350574
