X41331
	2.69242585480105	3.5394689939246
0.000000000000000	11.580841931500542
1.000000000000000	-10.564494848137695
2.000000000000000	3.160955410747314
3.000000000000000	-0.637415216511099
4.000000000000000	0.056020515185759
5.000000000000000	0.007592179512835
	2.09115334254219	2.77072866921777
0.000000000000000	64.126169957335833
1.000000000000000	-53.036515883233228
2.000000000000000	11.274808293081241
3.000000000000000	-1.454568331836265
4.000000000000000	0.089400689276324
5.000000000000000	-0.004100606140012
	1.73104390366898	2.21200494916578
0.000000000000000	194.046204348136115
1.000000000000000	-114.867962257024075
2.000000000000000	17.909453052007272
3.000000000000000	-2.361333053013621
4.000000000000000	0.447315204383865
5.000000000000000	-0.195173772470486
6.000000000000000	0.110952066285401
7.000000000000000	-0.024765179612519
