X41322
	2.83273085710515	3.77358508600027
0.000000000000000	11.626457609178720
1.000000000000000	-10.521529173269483
2.000000000000000	3.129536875207994
3.000000000000000	-0.654775400858874
4.000000000000000	0.048193866454338
5.000000000000000	-0.005180861338122
	2.1731601225145	2.91944849222071
0.000000000000000	63.962444819511802
1.000000000000000	-52.968895628823191
2.000000000000000	11.430523286089358
3.000000000000000	-1.529540144288734
4.000000000000000	0.108755842919706
5.000000000000000	-0.003079863529189
	1.78416072260965	2.30495535747888
0.000000000000000	193.949059084109763
1.000000000000000	-115.000254122430078
2.000000000000000	18.022464596680599
3.000000000000000	-2.406600414157660
4.000000000000000	0.521363331659368
5.000000000000000	-0.199086950034521
6.000000000000000	0.134611782390249
7.000000000000000	0.018491054386228
