X41326
	2.80829349454358	3.75779708534146
0.000000000000000	11.508415238753628
1.000000000000000	-10.520569101608999
2.000000000000000	3.211217545078365
3.000000000000000	-0.674956065095926
4.000000000000000	0.069833895775388
5.000000000000000	0.003748899296209
	2.15998348326504	2.89395590320257
0.000000000000000	63.906851630489463
1.000000000000000	-52.949883456310708
2.000000000000000	11.473883581534551
3.000000000000000	-1.547640440093247
4.000000000000000	0.118932849423538
5.000000000000000	-0.018283986177111
	1.77807538698854	2.28881808723113
0.000000000000000	193.836833143488263
1.000000000000000	-114.772424489995728
2.000000000000000	17.999399739022991
3.000000000000000	-2.406265069274441
4.000000000000000	0.464453716873530
5.000000000000000	-0.247868983739462
6.000000000000000	0.181889044464720
7.000000000000000	-0.066733551870166
