X41307
	2.56350136386276	3.30616398638578
0.000000000000000	11.608189507968572
1.000000000000000	-10.585966651688706
2.000000000000000	3.134866854971555
3.000000000000000	-0.615832952747902
4.000000000000000	0.048125475332332
5.000000000000000	0.009027890882265
	2.02058529263861	2.63303404490537
0.000000000000000	64.310942157338559
1.000000000000000	-53.096285314340200
2.000000000000000	11.094197359362433
3.000000000000000	-1.415107262195270
4.000000000000000	0.111286854382791
5.000000000000000	-0.015128227564886
	1.68800098870412	2.13072625763913
0.000000000000000	194.514503726067943
1.000000000000000	-115.164031698870445
2.000000000000000	17.555422261276860
3.000000000000000	-2.386444591573788
4.000000000000000	0.532808190401787
5.000000000000000	-0.124293958214102
6.000000000000000	0.041945925205952
7.000000000000000	0.059791382526100
