X41313
	2.59032058040311	3.35578944674101
0.000000000000000	11.593423750375473
1.000000000000000	-10.576983583802539
2.000000000000000	3.147414716477527
3.000000000000000	-0.624327581313611
4.000000000000000	0.052171944305993
5.000000000000000	0.007186386149188
	2.03630057558984	2.66152410081581
0.000000000000000	64.263170693727233
1.000000000000000	-53.073679115286815
2.000000000000000	11.125512904961466
3.000000000000000	-1.404940229816364
4.000000000000000	0.086659799855041
5.000000000000000	-0.005747699302816
	1.69753908133583	2.14860391944017
0.000000000000000	194.504019750541630
1.000000000000000	-115.147238532669874
2.000000000000000	17.599871441699847
3.000000000000000	-2.371809662257792
4.000000000000000	0.554987423536876
5.000000000000000	-0.128067937134536
6.000000000000000	-0.004066430365727
7.000000000000000	-0.010775826963905
