X41323
	2.68436382651029	3.52619819795654
0.000000000000000	11.557795873707610
1.000000000000000	-10.554914031451213
2.000000000000000	3.175448823612695
3.000000000000000	-0.644897005353184
4.000000000000000	0.059618610011414
5.000000000000000	0.006959875944958
	2.08943673894831	2.76174922250913
0.000000000000000	64.146462356482033
1.000000000000000	-53.068233860890423
2.000000000000000	11.274982823725361
3.000000000000000	-1.441480861653488
4.000000000000000	0.075998933733522
5.000000000000000	0.001815799377877
	1.73313617058758	2.20916507888296
0.000000000000000	194.187106044774026
1.000000000000000	-114.972760581866211
2.000000000000000	17.846669768016124
3.000000000000000	-2.338428281687106
4.000000000000000	0.475292932769784
5.000000000000000	-0.229796841170174
6.000000000000000	0.180898545611326
7.000000000000000	-0.102886829188407
