X41304
	2.61467734623952	3.39642807981194
0.000000000000000	11.591027254828797
1.000000000000000	-10.575453286546919
2.000000000000000	3.148247274794924
3.000000000000000	-0.625585192375410
4.000000000000000	0.052077398918400
5.000000000000000	0.007772621794151
	2.04877244844945	2.68739291745027
0.000000000000000	64.258999497767860
1.000000000000000	-53.080249241958981
2.000000000000000	11.149983380680736
3.000000000000000	-1.432788025834669
4.000000000000000	0.109404276723529
5.000000000000000	-0.009837444513511
	1.70547181557398	2.16346348633498
0.000000000000000	194.230561531701085
1.000000000000000	-114.954628586529694
2.000000000000000	17.622687639722397
3.000000000000000	-2.383583906948577
4.000000000000000	0.571934602445843
5.000000000000000	-0.162648968051547
6.000000000000000	0.069178288102020
7.000000000000000	-0.013284011640574
