X41314
	2.71359327476855	3.58419007834662
0.000000000000000	11.544116155912668
1.000000000000000	-10.543588232845352
2.000000000000000	3.185543576048012
3.000000000000000	-0.656171969108775
4.000000000000000	0.063398839775278
5.000000000000000	0.004823297457374
	2.10596988479131	2.79319074926785
0.000000000000000	64.034186812365917
1.000000000000000	-53.005584563886444
2.000000000000000	11.364904720720512
3.000000000000000	-1.500398324055874
4.000000000000000	0.098486375022239
5.000000000000000	0.002608422666517
	1.74440877954568	2.22757418284397
0.000000000000000	194.084704913234304
1.000000000000000	-114.872183950725258
2.000000000000000	17.818279171786727
3.000000000000000	-2.375228661298390
4.000000000000000	0.545855119856650
5.000000000000000	-0.215813377321455
6.000000000000000	0.079474783481539
7.000000000000000	-0.079253060756853
