X41324
	2.53135322169533	3.25144328431963
0.000000000000000	11.643145069216636
1.000000000000000	-10.603569383048145
2.000000000000000	3.104362590243479
3.000000000000000	-0.600156822500529
4.000000000000000	0.043842581580619
5.000000000000000	0.007589628744604
	1.9970951259457	2.59935360855617
0.000000000000000	64.382358106117550
1.000000000000000	-53.131841157349690
2.000000000000000	11.035107803854215
3.000000000000000	-1.360686452649166
4.000000000000000	0.066320527848522
5.000000000000000	-0.000540823412145
	1.66932934194206	2.10603721757257
0.000000000000000	194.394968841600416
1.000000000000000	-114.990871071044395
2.000000000000000	17.566010942233849
3.000000000000000	-2.323596748328224
4.000000000000000	0.552418728224902
5.000000000000000	-0.177159461728689
6.000000000000000	0.074335281565671
7.000000000000000	-0.064709546785465
