X41309
	2.71824495575463	3.58883011377664
0.000000000000000	11.555649759760923
1.000000000000000	-10.553701752718624
2.000000000000000	3.175820388347100
3.000000000000000	-0.644734300328147
4.000000000000000	0.058312935956577
5.000000000000000	0.006620448232853
	2.10443876263174	2.79815713366146
0.000000000000000	64.073565714192057
1.000000000000000	-52.994403775158887
2.000000000000000	11.313377987589677
3.000000000000000	-1.512710842040302
4.000000000000000	0.128253619535540
5.000000000000000	-0.013384463273609
	1.73661789617839	2.22755736399441
0.000000000000000	194.118905826648046
1.000000000000000	-114.896695193266254
2.000000000000000	17.693279219653213
3.000000000000000	-2.376002651520587
4.000000000000000	0.521791721999952
5.000000000000000	-0.134328967035684
6.000000000000000	0.107837835077296
7.000000000000000	-0.044658025740836
