X41337
	2.6120067917112	3.39291625351887
0.000000000000000	11.600948347596937
1.000000000000000	-10.575888328601751
2.000000000000000	3.143828428351238
3.000000000000000	-0.625716304994341
4.000000000000000	0.051948615361239
5.000000000000000	0.008118023351926
	2.05208604293928	2.68465791056504
0.000000000000000	64.135229833152721
1.000000000000000	-53.018372222984979
2.000000000000000	11.251583125593752
3.000000000000000	-1.461339623189830
4.000000000000000	0.085677048884639
5.000000000000000	0.008917398211797
	1.71886898151775	2.16483394219229
0.000000000000000	193.697550873902031
1.000000000000000	-114.680390893669497
2.000000000000000	18.180051355048317
3.000000000000000	-2.568351697096762
4.000000000000000	0.601038590875134
5.000000000000000	-0.278128878354779
6.000000000000000	0.170789813523973
7.000000000000000	-0.081887960736435
