X41308
	2.70106313306663	3.55495549566785
0.000000000000000	11.570449711279569
1.000000000000000	-10.560341962004799
2.000000000000000	3.164410068921178
3.000000000000000	-0.639870973076268
4.000000000000000	0.057605942039890
5.000000000000000	0.006001873534155
	2.09544253962495	2.77988766671064
0.000000000000000	64.110127980618373
1.000000000000000	-53.027301665536719
2.000000000000000	11.283322995442315
3.000000000000000	-1.470944179660181
4.000000000000000	0.094854465905355
5.000000000000000	0.002046622822298
	1.73270127618179	2.21727469547673
0.000000000000000	194.201831226420779
1.000000000000000	-115.073364455740645
2.000000000000000	17.859725101698025
3.000000000000000	-2.359547707390286
4.000000000000000	0.471740702806018
5.000000000000000	-0.108716250724867
6.000000000000000	-0.004866104266038
7.000000000000000	-0.007919018291228
