X41302
	2.83688242019718	3.80304293860907
0.000000000000000	11.512564615516839
1.000000000000000	-10.527893250873101
2.000000000000000	3.210496643152847
3.000000000000000	-0.671460980892404
4.000000000000000	0.068196229907359
5.000000000000000	0.004780143668078
	2.17620390043533	2.92420973133321
0.000000000000000	63.889808334586597
1.000000000000000	-52.918686632379142
2.000000000000000	11.464578614894394
3.000000000000000	-1.550166715292512
4.000000000000000	0.112765379491445
5.000000000000000	-0.007145843276110
	1.78600424743714	2.3076223286437
0.000000000000000	193.984294906878773
1.000000000000000	-114.905479881874683
2.000000000000000	17.939197385321314
3.000000000000000	-2.372556866540980
4.000000000000000	0.533602960527778
5.000000000000000	-0.156116052850289
6.000000000000000	0.044194403010178
7.000000000000000	-0.029342067968190
