X41310
	2.71523318320051	3.5777574918352
0.000000000000000	11.555108808651257
1.000000000000000	-10.554259289437939
2.000000000000000	3.178533948912256
3.000000000000000	-0.646161832827456
4.000000000000000	0.058841986549794
5.000000000000000	0.007190705821930
	2.10674570507433	2.79435885446375
0.000000000000000	64.155764431809686
1.000000000000000	-53.076114867865037
2.000000000000000	11.287169509382910
3.000000000000000	-1.455767308480283
4.000000000000000	0.083058242025479
5.000000000000000	0.011252754225550
	1.74120148861898	2.22934376977512
0.000000000000000	194.244394860131564
1.000000000000000	-114.957491294979874
2.000000000000000	17.754113424231967
3.000000000000000	-2.378019262841968
4.000000000000000	0.476338579410436
5.000000000000000	-0.108629647580597
6.000000000000000	0.083680143463746
7.000000000000000	-0.108141500417702
