X41328
	2.81523901929999	3.76699507089525
0.000000000000000	11.531232284009739
1.000000000000000	-10.523081476285844
2.000000000000000	3.198081557746305
3.000000000000000	-0.674620643866271
4.000000000000000	0.065492722754761
5.000000000000000	0.003471034236398
	2.16543453691468	2.90159805237269
0.000000000000000	63.875364851855181
1.000000000000000	-52.935782810461134
2.000000000000000	11.495092237627309
3.000000000000000	-1.553407045071343
4.000000000000000	0.112798502248023
5.000000000000000	-0.000608913112024
	1.78311291546065	2.29444307786926
0.000000000000000	193.949501258297346
1.000000000000000	-114.909012336721631
2.000000000000000	18.074088896945987
3.000000000000000	-2.407291714606648
4.000000000000000	0.500605681964722
5.000000000000000	-0.220113862822547
6.000000000000000	0.131707776805074
7.000000000000000	-0.058696946362655
