X41325
	2.56075920618688	3.30329392470118
0.000000000000000	11.623679479083053
1.000000000000000	-10.591875684932935
2.000000000000000	3.120120892598750
3.000000000000000	-0.610873834430189
4.000000000000000	0.046860414934916
5.000000000000000	0.006803124520133
	2.01621375430457	2.63044336492433
0.000000000000000	64.369841537150634
1.000000000000000	-53.177996714941777
2.000000000000000	11.104869937232914
3.000000000000000	-1.359960041557520
4.000000000000000	0.039617698936073
5.000000000000000	0.031772192169593
	1.68691927269643	2.12727025248772
0.000000000000000	194.057076211842656
1.000000000000000	-114.691163885518350
2.000000000000000	17.707150583690680
3.000000000000000	-2.394386732948568
4.000000000000000	0.639872939951629
5.000000000000000	-0.249633791582775
6.000000000000000	0.063889887629018
7.000000000000000	-0.138971346056459
