X41320
	2.61589702873991	3.4000492653168
0.000000000000000	11.597294127220829
1.000000000000000	-10.583158811777279
2.000000000000000	3.142697017850996
3.000000000000000	-0.622358092227309
4.000000000000000	0.050766615016396
5.000000000000000	0.007919715956863
	2.04753972571371	2.68899531679565
0.000000000000000	64.249405113306295
1.000000000000000	-53.059011835099369
2.000000000000000	11.123670432187790
3.000000000000000	-1.409758261269680
4.000000000000000	0.098440712353971
5.000000000000000	-0.018533723082450
	1.70199084929292	2.16247293817731
0.000000000000000	194.363192261040154
1.000000000000000	-115.119309853719770
2.000000000000000	17.746287503509507
3.000000000000000	-2.331675125645753
4.000000000000000	0.485795301600775
5.000000000000000	-0.163224603381238
6.000000000000000	0.091268314234556
7.000000000000000	0.009354532346526
