X41333
	2.52244049047168	3.21486101293307
0.000000000000000	11.836066730753631
1.000000000000000	-10.567008586687493
2.000000000000000	2.976358188731069
3.000000000000000	-0.594549830420761
4.000000000000000	0.012922375688323
5.000000000000000	-0.012342458581793
	1.99661244129899	2.58998925540219
0.000000000000000	64.307876594853752
1.000000000000000	-53.113918358224886
2.000000000000000	11.107028821833987
3.000000000000000	-1.388254753442352
4.000000000000000	0.078120765576636
5.000000000000000	0.009082193128483
	1.67417573705368	2.1035319796305
0.000000000000000	194.458120593617224
1.000000000000000	-115.138215112712785
2.000000000000000	17.721719108611662
3.000000000000000	-2.381306558085270
4.000000000000000	0.496290353113469
5.000000000000000	-0.204328178989895
6.000000000000000	0.105080774142130
7.000000000000000	-0.022901669710191
