X41334
	2.65915939348618	3.48628093962072
0.000000000000000	11.562558082887534
1.000000000000000	-10.560705173713517
2.000000000000000	3.176129516031346
3.000000000000000	-0.643582901206125
4.000000000000000	0.058004891692516
5.000000000000000	0.008061268465473
	2.07599037224375	2.73526304586384
0.000000000000000	64.194563942526145
1.000000000000000	-53.190364194603454
2.000000000000000	11.427779644572661
3.000000000000000	-1.486567911893593
4.000000000000000	0.012265519498756
5.000000000000000	0.172174746625315
	1.72297579484375	2.19247969356969
0.000000000000000	194.730398389682023
1.000000000000000	-114.778157628484820
2.000000000000000	17.680558550079756
3.000000000000000	-2.424327716594482
4.000000000000000	0.180592304947668
5.000000000000000	-0.468741815818606
6.000000000000000	-0.151109213534252
7.000000000000000	-0.030271960611134
