X41300
	2.71355498526166	3.58242795466633
0.000000000000000	11.550591459930216
1.000000000000000	-10.549591074690591
2.000000000000000	3.179776746642563
3.000000000000000	-0.647580977659501
4.000000000000000	0.060435872195601
5.000000000000000	0.006068639426605
	2.10273887384151	2.7931491805906
0.000000000000000	64.086593401196836
1.000000000000000	-53.018964897228770
2.000000000000000	11.302606653274832
3.000000000000000	-1.465855998737863
4.000000000000000	0.091651275380814
5.000000000000000	-0.006118794668631
	1.73813878691597	2.22533913844518
0.000000000000000	194.121658992242317
1.000000000000000	-114.933881942606320
2.000000000000000	17.823763509948460
3.000000000000000	-2.335867066333157
4.000000000000000	0.533283673912094
5.000000000000000	-0.159457657506398
6.000000000000000	0.039782940064835
7.000000000000000	-0.080921026516195
