X41317
	2.56082005107567	3.300825496883
0.000000000000000	11.616341477903720
1.000000000000000	-10.591705062076640
2.000000000000000	3.130398710569456
3.000000000000000	-0.612434269368010
4.000000000000000	0.048776925834048
5.000000000000000	0.008387238544409
	2.01871821951632	2.63021100928435
0.000000000000000	64.432236310584258
1.000000000000000	-53.292574305801203
2.000000000000000	11.214137693157253
3.000000000000000	-1.390192213621743
4.000000000000000	-0.010157112504895
5.000000000000000	0.175884428637848
	1.68543986620681	2.12840437423304
0.000000000000000	194.670902649979041
1.000000000000000	-114.584689344525401
2.000000000000000	17.553963542003320
3.000000000000000	-2.469504710625499
4.000000000000000	0.254129849659002
5.000000000000000	-0.462656903350568
6.000000000000000	-0.139917148933505
7.000000000000000	-0.121296573105221
