X41318
	2.54560796223135	3.23438188451715
0.000000000000000	11.577882326340260
1.000000000000000	-10.727897179619761
2.000000000000000	3.134672152262880
3.000000000000000	-0.501033582017186
4.000000000000000	0.061431916218761
5.000000000000000	0.029348876336405
	2.01381333169758	2.61165936963163
0.000000000000000	64.603468529232970
1.000000000000000	-53.140237689603602
2.000000000000000	10.788156008722613
3.000000000000000	-1.334657226904600
4.000000000000000	0.065987276777338
5.000000000000000	-0.004688420001263
	1.68222786433284	2.12304840078324
0.000000000000000	194.361115225241889
1.000000000000000	-114.819904847906713
2.000000000000000	17.478778549054855
3.000000000000000	-2.399493097961686
4.000000000000000	0.604921965095257
5.000000000000000	-0.231489103590733
6.000000000000000	0.129596509874286
7.000000000000000	-0.022996001565271
