X41311
	2.8303196371296	3.7948691070345
0.000000000000000	11.497106617507033
1.000000000000000	-10.515681286754443
2.000000000000000	3.223267782915864
3.000000000000000	-0.680200925952099
4.000000000000000	0.070687801337295
5.000000000000000	0.005410570046359
	2.1761634328011	2.91714836427583
0.000000000000000	63.831102626094633
1.000000000000000	-52.876162628445456
2.000000000000000	11.483655396362131
3.000000000000000	-1.571266809718213
4.000000000000000	0.128166385928479
5.000000000000000	-0.014491737392121
	1.78913081522049	2.30569284432441
0.000000000000000	194.167135516710829
1.000000000000000	-115.002813870263068
2.000000000000000	17.875248529980144
3.000000000000000	-2.414875927893157
4.000000000000000	0.579025842635016
5.000000000000000	-0.147186467435242
6.000000000000000	0.053218322373916
7.000000000000000	-0.075754603899605
