X41329
	2.55505597733535	3.29061740637136
0.000000000000000	11.632323870728630
1.000000000000000	-10.589635650622673
2.000000000000000	3.116157713051501
3.000000000000000	-0.613218019791415
4.000000000000000	0.045776254837020
5.000000000000000	0.007440520799822
	2.01583290371398	2.6242580490788
0.000000000000000	64.285677865849109
1.000000000000000	-53.076793110944394
2.000000000000000	11.084836311212502
3.000000000000000	-1.383353233737779
4.000000000000000	0.079115866966163
5.000000000000000	-0.004319034983928
	1.68597252493569	2.12501441668475
0.000000000000000	194.427697881925411
1.000000000000000	-115.077775484235843
2.000000000000000	17.739042976158256
3.000000000000000	-2.391028594081057
4.000000000000000	0.508467926949811
5.000000000000000	-0.192721410063043
6.000000000000000	0.115115231528380
7.000000000000000	-0.004230270018527
