X41319
	2.83528662296237	3.80805712978545
0.000000000000000	11.497121976684785
1.000000000000000	-10.520624326547065
2.000000000000000	3.222829685911971
3.000000000000000	-0.681470129091694
4.000000000000000	0.070936560617885
5.000000000000000	0.004673993279796
	2.17647457187549	2.92281823766662
0.000000000000000	63.882765125720120
1.000000000000000	-52.942350436994310
2.000000000000000	11.496933314778209
3.000000000000000	-1.552465219241989
4.000000000000000	0.119452789419678
5.000000000000000	-0.012209706967538
	1.78891783695243	2.30724045636877
0.000000000000000	194.106899956567986
1.000000000000000	-115.078619309163997
2.000000000000000	18.012854521677273
3.000000000000000	-2.344036300958724
4.000000000000000	0.441381037628489
5.000000000000000	-0.158844144072757
6.000000000000000	0.094210819248034
7.000000000000000	-0.008157322752018
