X41321
	2.70427163892673	3.56696257197083
0.000000000000000	11.545329998111807
1.000000000000000	-10.550871966172997
2.000000000000000	3.184245671943910
3.000000000000000	-0.653286717689832
4.000000000000000	0.061568765244731
5.000000000000000	0.005976773525620
	2.10083051572872	2.78318393312777
0.000000000000000	64.070978881222302
1.000000000000000	-53.019086201393719
2.000000000000000	11.329255578713946
3.000000000000000	-1.481273755983261
4.000000000000000	0.103809516047900
5.000000000000000	-0.013286498956022
	1.74042980254648	2.22181941637645
0.000000000000000	194.132960686337526
1.000000000000000	-114.972463828391014
2.000000000000000	17.825105453760202
3.000000000000000	-2.364784864857810
4.000000000000000	0.501179555294426
5.000000000000000	-0.186721234531746
6.000000000000000	0.099213185466513
7.000000000000000	0.031406058205900
