X41332
	2.56235698062651	3.27915626807079
0.000000000000000	11.853575777591605
1.000000000000000	-10.577470473528615
2.000000000000000	2.959731814074580
3.000000000000000	-0.583612494033939
4.000000000000000	0.010563521920029
5.000000000000000	-0.012590206614615
	2.0140776182137	2.63265441106424
0.000000000000000	64.270000510420061
1.000000000000000	-53.056573261081390
2.000000000000000	11.101761599182561
3.000000000000000	-1.418093506454644
4.000000000000000	0.105641486225400
5.000000000000000	-0.016927724155462
	1.67896755497042	2.12507225077904
0.000000000000000	194.209911719080907
1.000000000000000	-114.901687200650343
2.000000000000000	17.707301404947273
3.000000000000000	-2.429542031035230
4.000000000000000	0.529368043468861
5.000000000000000	-0.242317745293679
6.000000000000000	0.130383812058647
7.000000000000000	0.057686510374426
