X41315
	2.83391083018433	3.80546899853311
0.000000000000000	11.496912031644385
1.000000000000000	-10.515966302938114
2.000000000000000	3.222795426729260
3.000000000000000	-0.679711467202990
4.000000000000000	0.071417276087599
5.000000000000000	0.004436551791491
	2.17492593256749	2.92117549149311
0.000000000000000	63.879321039689771
1.000000000000000	-52.933072603962159
2.000000000000000	11.498526955864840
3.000000000000000	-1.555726778440689
4.000000000000000	0.110854899262830
5.000000000000000	-0.003701041158615
	1.78843360586503	2.30561502654723
0.000000000000000	193.919967939465380
1.000000000000000	-114.840112399308012
2.000000000000000	18.019989410384586
3.000000000000000	-2.428769164277607
4.000000000000000	0.551928033061849
5.000000000000000	-0.184431560107692
6.000000000000000	0.061558970913366
7.000000000000000	-0.066797812910177
