X41335
	2.6718619350019	3.51017424196288
0.000000000000000	11.555942835214420
1.000000000000000	-10.556026728547909
2.000000000000000	3.180381071296155
3.000000000000000	-0.646766738852695
4.000000000000000	0.058988291263249
5.000000000000000	0.007556932599157
	2.08360548384034	2.74886069326839
0.000000000000000	64.155812925032691
1.000000000000000	-53.171088385791727
2.000000000000000	11.453636395108093
3.000000000000000	-1.503014576331277
4.000000000000000	0.023981014684240
5.000000000000000	0.163000349981397
	1.72876896385122	2.2007410355243
0.000000000000000	194.518977953188482
1.000000000000000	-114.551178453354311
2.000000000000000	17.735957054434422
3.000000000000000	-2.528451390603360
4.000000000000000	0.221679962170169
5.000000000000000	-0.476321565247601
6.000000000000000	-0.131431559420639
7.000000000000000	-0.056874866310281
