X41306
	2.82169664022967	3.78413695484145
0.000000000000000	11.501186567673541
1.000000000000000	-10.519734945764981
2.000000000000000	3.220035598138378
3.000000000000000	-0.677819677068488
4.000000000000000	0.069660250361626
5.000000000000000	0.004556969724786
	2.16768092629266	2.90829746504147
0.000000000000000	63.872483349947281
1.000000000000000	-52.917092731004544
2.000000000000000	11.502964027590451
3.000000000000000	-1.587696608516812
4.000000000000000	0.140309755764754
5.000000000000000	-0.017978358197993
	1.78500947810079	2.29755484530363
0.000000000000000	193.830793361074541
1.000000000000000	-114.923393833439704
2.000000000000000	18.091599688752794
3.000000000000000	-2.486538496610496
4.000000000000000	0.544700585788373
5.000000000000000	-0.133423697514872
6.000000000000000	0.068935712133590
7.000000000000000	-0.013565035415533
