X41305
	2.7087359425512	3.57910783465784
0.000000000000000	11.542453382437763
1.000000000000000	-10.546098464622970
2.000000000000000	3.188496082101678
3.000000000000000	-0.653908012150165
4.000000000000000	0.061706470799042
5.000000000000000	0.006440553256443
	2.1013007995613	2.78817489258263
0.000000000000000	64.082413266225942
1.000000000000000	-53.045450264048945
2.000000000000000	11.359476829832504
3.000000000000000	-1.493123515980359
4.000000000000000	0.092041712454857
5.000000000000000	0.012696372341923
	1.73784494650591	2.22327840178026
0.000000000000000	194.255002533416871
1.000000000000000	-114.998833221322940
2.000000000000000	17.734481290104398
3.000000000000000	-2.377494222497232
4.000000000000000	0.526453641897129
5.000000000000000	-0.154726935349646
6.000000000000000	0.077135586783946
7.000000000000000	-0.037546235421397
