X41327
	2.72986532639058	3.61067375480425
0.000000000000000	11.549498724280781
1.000000000000000	-10.550514560564135
2.000000000000000	3.182102410225153
3.000000000000000	-0.648909672523052
4.000000000000000	0.060997011807939
5.000000000000000	0.006475785768181
	2.11182632697847	2.81065523838611
0.000000000000000	64.070139098963025
1.000000000000000	-53.019554628453683
2.000000000000000	11.321273000440932
3.000000000000000	-1.470641091292978
4.000000000000000	0.088591991133270
5.000000000000000	-0.004163536742465
	1.74272748732624	2.23563935458549
0.000000000000000	194.184386614659587
1.000000000000000	-114.993313492689069
2.000000000000000	17.896909037920036
3.000000000000000	-2.357429039016203
4.000000000000000	0.449238064633880
5.000000000000000	-0.140708752190520
6.000000000000000	0.051669614783830
7.000000000000000	-0.030679758280255
