X41312
	2.72806215482649	3.59673198633266
0.000000000000000	11.561287699374112
1.000000000000000	-10.556781119062794
2.000000000000000	3.171298250659345
3.000000000000000	-0.640442908817979
4.000000000000000	0.057770358525857
5.000000000000000	0.006492000190815
	2.11191806550195	2.80796842299432
0.000000000000000	64.147712913759861
1.000000000000000	-53.045752737390842
2.000000000000000	11.251726777020123
3.000000000000000	-1.449169882826094
4.000000000000000	0.092494699887467
5.000000000000000	-0.005308037584135
	1.74189556742498	2.23575308569536
0.000000000000000	194.251909346007579
1.000000000000000	-115.002290372735899
2.000000000000000	17.808747149419844
3.000000000000000	-2.356100447709366
4.000000000000000	0.497932240514121
5.000000000000000	-0.142793999298396
6.000000000000000	0.003763445485392
7.000000000000000	-0.023255588684400
