X41330
	2.72214572497095	3.59761573676641
0.000000000000000	11.554485611934819
1.000000000000000	-10.546585235047308
2.000000000000000	3.180135486172003
3.000000000000000	-0.652503102062257
4.000000000000000	0.061693646189968
5.000000000000000	0.005939805777324
	2.11018508934233	2.80224919128037
0.000000000000000	64.030392985892021
1.000000000000000	-52.981559906466487
2.000000000000000	11.344084078357298
3.000000000000000	-1.493960834611010
4.000000000000000	0.104086687312501
5.000000000000000	-0.012235699202237
	1.74466537765778	2.23264929828773
0.000000000000000	194.144497083888893
1.000000000000000	-115.027218749702570
2.000000000000000	17.909528599122904
3.000000000000000	-2.346922539291829
4.000000000000000	0.462627910368314
5.000000000000000	-0.190259463274060
6.000000000000000	0.102991453552930
7.000000000000000	0.002041698636872
