X41303
	2.73976900604714	3.62659591503287
0.000000000000000	11.548372700099623
1.000000000000000	-10.549379733925319
2.000000000000000	3.182847764939208
3.000000000000000	-0.649613652842618
4.000000000000000	0.060464455370479
5.000000000000000	0.005976119355161
	2.11864692223884	2.82080493273253
0.000000000000000	64.070242365030126
1.000000000000000	-53.016304155419327
2.000000000000000	11.346169158625697
3.000000000000000	-1.501251587176454
4.000000000000000	0.104927974232511
5.000000000000000	0.000808063068915
	1.74856918576081	2.24306715784943
0.000000000000000	194.160913835259180
1.000000000000000	-114.974561211584927
2.000000000000000	17.867773769587153
3.000000000000000	-2.454564832838068
4.000000000000000	0.572587303537892
5.000000000000000	-0.194537000791442
6.000000000000000	0.110621905617274
7.000000000000000	-0.044945273823357
