X42660
	2.58634069941916	3.38349562731141
0.000000000000000	11.648653305108997
1.000000000000000	-10.605084309325514
2.000000000000000	3.093926027654821
3.000000000000000	-0.594269293298546
4.000000000000000	0.047163651806286
5.000000000000000	0.004531108143611
	2.00605966917856	2.66152904310601
0.000000000000000	64.114759598286852
1.000000000000000	-53.014865866306643
2.000000000000000	11.273236201535822
3.000000000000000	-1.459461937519307
4.000000000000000	0.088632712532846
5.000000000000000	-0.011243931739914
	1.65773794368526	2.12274850460556
0.000000000000000	194.056829735428977
1.000000000000000	-114.894118760169263
2.000000000000000	17.891713946251226
3.000000000000000	-2.428369400561783
4.000000000000000	0.497124035618668
5.000000000000000	-0.210289583086034
6.000000000000000	0.134554443619246
7.000000000000000	-0.043078106904990
