X42687
	2.52248861274392	3.26491179747181
0.000000000000000	11.675496702673595
1.000000000000000	-10.622097723677072
2.000000000000000	3.072589075127424
3.000000000000000	-0.576264984915574
4.000000000000000	0.041212889839730
5.000000000000000	0.005089807119134
	1.97442376568588	2.59344917379208
0.000000000000000	64.098496206156071
1.000000000000000	-52.973063365353866
2.000000000000000	11.242578579486405
3.000000000000000	-1.478998719685802
4.000000000000000	0.104309235500458
5.000000000000000	-0.014795235648565
	1.64831179673752	2.08445612438034
0.000000000000000	193.737208637467773
1.000000000000000	-114.733393072085576
2.000000000000000	18.125086387556042
3.000000000000000	-2.639029730834315
4.000000000000000	0.707250568946804
5.000000000000000	-0.291601088908495
6.000000000000000	0.123051563105345
7.000000000000000	-0.010306305180962
