X42685
	2.5757312161446	3.35256504410456
0.000000000000000	11.655169506407812
1.000000000000000	-10.611157744111923
2.000000000000000	3.090281114414763
3.000000000000000	-0.587393309381109
4.000000000000000	0.044556069156791
5.000000000000000	0.004440137080517
	2.00605936938463	2.64946387174905
0.000000000000000	64.113768165049322
1.000000000000000	-52.976785297906659
2.000000000000000	11.216774576691311
3.000000000000000	-1.463511913809961
4.000000000000000	0.109203851618619
5.000000000000000	-0.029288692263291
	1.66273979864501	2.12059416490923
0.000000000000000	194.104377741589786
1.000000000000000	-114.907259600215482
2.000000000000000	17.750000398492681
3.000000000000000	-2.362658206338188
4.000000000000000	0.548122650214984
5.000000000000000	-0.172245363251302
6.000000000000000	0.040385551371635
7.000000000000000	0.028703407803204
