X42648
	2.5539388869085	3.30279528451349
0.000000000000000	11.795782790901484
1.000000000000000	-10.608351831350173
2.000000000000000	2.993971193285655
3.000000000000000	-0.566515084038759
4.000000000000000	0.025429068174720
5.000000000000000	-0.006578322949259
	1.98872733596432	2.62695111224429
0.000000000000000	64.197752944336287
1.000000000000000	-53.065066529385071
2.000000000000000	11.221152655182626
3.000000000000000	-1.445155817876689
4.000000000000000	0.083976394568439
5.000000000000000	0.007436159184840
	1.64999368786793	2.10303348219146
0.000000000000000	194.072481127708215
1.000000000000000	-115.022721680301785
2.000000000000000	17.969148996925121
3.000000000000000	-2.432440329545446
4.000000000000000	0.467357747521682
5.000000000000000	-0.137757658411316
6.000000000000000	0.077866377086336
7.000000000000000	-0.043277763850171
