X42659
	2.52756075620128	3.27727883235307
0.000000000000000	11.674258560870921
1.000000000000000	-10.620600734358245
2.000000000000000	3.073916146770665
3.000000000000000	-0.580899446641012
4.000000000000000	0.043085356096851
5.000000000000000	0.005694710167326
	1.97428103632478	2.59904985735996
0.000000000000000	64.151795672387166
1.000000000000000	-53.019353778009673
2.000000000000000	11.224208260418763
3.000000000000000	-1.448317883510658
4.000000000000000	0.091781762013390
5.000000000000000	-0.012365984290824
	1.64152804692596	2.08558798771944
0.000000000000000	194.060721534475135
1.000000000000000	-114.918491422660381
2.000000000000000	17.975302675249509
3.000000000000000	-2.479070129912860
4.000000000000000	0.470169212212344
5.000000000000000	-0.171902074071726
6.000000000000000	0.092049239089542
7.000000000000000	0.000502736895753
