X42654
	2.55594188667175	3.32893393532033
0.000000000000000	11.672980502631813
1.000000000000000	-10.620566587053840
2.000000000000000	3.075355451977464
3.000000000000000	-0.579108109887980
4.000000000000000	0.043174862615787
5.000000000000000	0.006330850225467
	1.98632794518214	2.62962089414739
0.000000000000000	64.155890759035785
1.000000000000000	-53.032255067936354
2.000000000000000	11.241674431918410
3.000000000000000	-1.454801519722987
4.000000000000000	0.091213663546568
5.000000000000000	-0.001266245796036
	1.6455174696274	2.10112735005224
0.000000000000000	193.862681084033170
1.000000000000000	-114.671827428159247
2.000000000000000	17.854283657491802
3.000000000000000	-2.479783507160915
4.000000000000000	0.614884062823632
5.000000000000000	-0.216356066661347
6.000000000000000	0.040006615597964
7.000000000000000	-0.021738059960559
