X42686
	2.59001399271058	3.37987278903497
0.000000000000000	11.656246650824089
1.000000000000000	-10.612117413116275
2.000000000000000	3.089831927102774
3.000000000000000	-0.587018102156616
4.000000000000000	0.044476090843889
5.000000000000000	0.004895605723945
	2.01281723826622	2.66503203555091
0.000000000000000	64.078595513006078
1.000000000000000	-52.970578249167943
2.000000000000000	11.256504111889111
3.000000000000000	-1.472126126031826
4.000000000000000	0.105046975216850
5.000000000000000	-0.019982253692413
	1.66838423915443	2.12843726782254
0.000000000000000	194.005271330850348
1.000000000000000	-114.802460701999479
2.000000000000000	17.874214632120740
3.000000000000000	-2.411122819099287
4.000000000000000	0.594911055658279
5.000000000000000	-0.242682560308434
6.000000000000000	0.090942200416839
7.000000000000000	-0.105183326880466
