X42658
	2.84537975610846	3.83939545694881
0.000000000000000	11.568847993807351
1.000000000000000	-10.559340944206385
2.000000000000000	3.162373193683268
3.000000000000000	-0.639683493149956
4.000000000000000	0.062012519683404
5.000000000000000	0.003772734568909
	2.1623252696491	2.93691800608178
0.000000000000000	63.753327316625665
1.000000000000000	-52.866896068567506
2.000000000000000	11.588270423740346
3.000000000000000	-1.599713962340232
4.000000000000000	0.121737957703643
5.000000000000000	-0.011133558748547
	1.7675757779666	2.29735808268884
0.000000000000000	193.552152107292073
1.000000000000000	-114.840065521126434
2.000000000000000	18.422858446067963
3.000000000000000	-2.563402925312109
4.000000000000000	0.554659668298720
5.000000000000000	-0.218383341013519
6.000000000000000	0.109928009885135
7.000000000000000	0.014009563239044
