X42653
	2.56723596564303	3.33913551980393
0.000000000000000	11.656455183621444
1.000000000000000	-10.609481698440197
2.000000000000000	3.086808653155597
3.000000000000000	-0.587496976116698
4.000000000000000	0.045939560764866
5.000000000000000	0.005169815737381
	2.0007655939753	2.6403613483796
0.000000000000000	64.182993230220546
1.000000000000000	-53.051489021044254
2.000000000000000	11.213839496634245
3.000000000000000	-1.428841217328380
4.000000000000000	0.081510216689403
5.000000000000000	-0.006760885227718
	1.66045032928271	2.11543359632137
0.000000000000000	194.017475272389248
1.000000000000000	-114.875724294216368
2.000000000000000	17.765328292096406
3.000000000000000	-2.326116349083492
4.000000000000000	0.584208969015775
5.000000000000000	-0.216963916962479
6.000000000000000	0.113426151644109
7.000000000000000	-0.076148007996535
