X42846
	2.56493856657289	3.34162601117028
0.000000000000000	11.661726663243073
1.000000000000000	-10.614280118007546
2.000000000000000	3.085288301317566
3.000000000000000	-0.582044270055249
4.000000000000000	0.049707600886890
5.000000000000000	0.007675435145940
	1.99578971452573	2.6386914613143
0.000000000000000	64.150236718462551
1.000000000000000	-53.053420548158272
2.000000000000000	11.277371955134484
3.000000000000000	-1.462779888076482
4.000000000000000	0.077951903205865
5.000000000000000	0.016590924375538
	1.65568201949425	2.11065144979274
0.000000000000000	193.772052650287179
1.000000000000000	-114.665767700410598
2.000000000000000	17.926898299684158
3.000000000000000	-2.477066587891841
4.000000000000000	0.555108468839916
5.000000000000000	-0.296071042600742
6.000000000000000	0.196313899939084
7.000000000000000	-0.003624918702432
