X43044
	2.56662249641184	3.32004161476215
0.000000000000000	11.674475837079431
1.000000000000000	-10.629158514741901
2.000000000000000	3.082724640163292
3.000000000000000	-0.575151142247548
4.000000000000000	0.035905603248996
5.000000000000000	0.009659067277378
	1.98759191020582	2.63885453963595
0.000000000000000	64.644487490704208
1.000000000000000	-53.238721291425513
2.000000000000000	10.788153028839590
3.000000000000000	-1.261898536817029
4.000000000000000	0.055255463880769
5.000000000000000	0.004489159555641
	1.62817776050786	2.1075689624122
0.000000000000000	194.184548807882891
1.000000000000000	-114.971681527079923
2.000000000000000	17.798256917958437
3.000000000000000	-2.409279934386609
4.000000000000000	0.498779104260841
5.000000000000000	-0.201426040535082
6.000000000000000	0.159233921098499
7.000000000000000	-0.023089046537747
