X43062
	2.79360965405379	3.65352101865916
0.000000000000000	11.525919398658456
1.000000000000000	-10.541897189932031
2.000000000000000	3.206879313997725
3.000000000000000	-0.660690820811318
4.000000000000000	0.059548027259661
5.000000000000000	0.008151706184255
	2.17876458002318	2.8719376830956
0.000000000000000	64.440646083009980
1.000000000000000	-53.208945349682089
2.000000000000000	11.031915609077839
3.000000000000000	-1.327290169666036
4.000000000000000	0.058902340298544
5.000000000000000	0.010164422189298
	1.79589940381704	2.30500704385855
0.000000000000000	194.796508178778794
1.000000000000000	-115.298307139103500
2.000000000000000	17.310907184629862
3.000000000000000	-2.172550605617490
4.000000000000000	0.418204177864483
5.000000000000000	-0.138416817188225
6.000000000000000	0.094845243503790
7.000000000000000	0.013818133629774
