X43047
	2.6326261583979	3.43374503444204
0.000000000000000	11.649230002336648
1.000000000000000	-10.615492961735143
2.000000000000000	3.104996408079724
3.000000000000000	-0.589791685211527
4.000000000000000	0.039844928110711
5.000000000000000	0.010237697510290
	2.02884861646821	2.70881685394098
0.000000000000000	64.487338516415377
1.000000000000000	-53.146196292668712
2.000000000000000	10.896163757826589
3.000000000000000	-1.321706782820306
4.000000000000000	0.077345074244855
5.000000000000000	-0.014242317094658
	1.65913309917858	2.15271536393154
0.000000000000000	193.909355418798981
1.000000000000000	-114.805066590999772
2.000000000000000	18.001704431338418
3.000000000000000	-2.552258025829910
4.000000000000000	0.569481491028853
5.000000000000000	-0.243395916669737
6.000000000000000	0.129756233799266
7.000000000000000	0.014220235460782
