X43088
	2.70546710073949	3.56127976091182
0.000000000000000	11.618636224882387
1.000000000000000	-10.594967867797088
2.000000000000000	3.126077078551055
3.000000000000000	-0.604357826019837
4.000000000000000	0.045108648300807
5.000000000000000	0.007969897592986
	2.06821199286729	2.78576355686648
0.000000000000000	64.520660339013105
1.000000000000000	-53.195387684139931
2.000000000000000	10.903698674333301
3.000000000000000	-1.288534846258466
4.000000000000000	0.055467699436136
5.000000000000000	-0.002989337474399
	1.67570980203127	2.19961134822759
0.000000000000000	194.303411061484439
1.000000000000000	-115.023252464355579
2.000000000000000	17.548217991539126
3.000000000000000	-2.258964118824924
4.000000000000000	0.575000791301498
5.000000000000000	-0.188905424475122
6.000000000000000	0.057511765977603
7.000000000000000	-0.003089164679351
