X43051
	2.71392684441795	3.57836316764905
0.000000000000000	11.617601531614200
1.000000000000000	-10.593827263861050
2.000000000000000	3.127709865145610
3.000000000000000	-0.607635410208559
4.000000000000000	0.046208701005760
5.000000000000000	0.007056368807513
	2.07176966508575	2.79493435284675
0.000000000000000	64.504059551899076
1.000000000000000	-53.191288343755772
2.000000000000000	10.926938072273764
3.000000000000000	-1.307095134941594
4.000000000000000	0.060989740971077
5.000000000000000	0.005094770498074
	1.67662183081597	2.20375005053859
0.000000000000000	194.395789575675849
1.000000000000000	-115.063753523624214
2.000000000000000	17.556336360754273
3.000000000000000	-2.280499144872229
4.000000000000000	0.544006051925310
5.000000000000000	-0.169160952920914
6.000000000000000	0.032975884278671
7.000000000000000	-0.009940576112081
