X43036
	2.72915207667009	3.59870452654221
0.000000000000000	11.602288124762646
1.000000000000000	-10.585355195097096
2.000000000000000	3.140177165678251
3.000000000000000	-0.616410740660768
4.000000000000000	0.047911862288210
5.000000000000000	0.007498604307594
	2.08826175002417	2.81032233236952
0.000000000000000	64.422871022358805
1.000000000000000	-53.138015024868110
2.000000000000000	10.984788575764510
3.000000000000000	-1.354727194130840
4.000000000000000	0.085471044216966
5.000000000000000	-0.007298465203232
	1.69905928610365	2.21903216533537
0.000000000000000	194.030028864676865
1.000000000000000	-114.888388983765395
2.000000000000000	17.993007219002742
3.000000000000000	-2.530543625842630
4.000000000000000	0.531758032719688
5.000000000000000	-0.128109469531003
6.000000000000000	0.055632356170232
7.000000000000000	-0.048411912227647
