X43067
	2.79575458888439	3.64649098221774
0.000000000000000	11.522335122916276
1.000000000000000	-10.539113151060898
2.000000000000000	3.209595637663086
3.000000000000000	-0.662586620612656
4.000000000000000	0.060657765923659
5.000000000000000	0.007877823868224
	2.18658550204698	2.87305452512828
0.000000000000000	64.481869810650437
1.000000000000000	-53.216542585359981
2.000000000000000	10.974996285832818
3.000000000000000	-1.300228945406675
4.000000000000000	0.050193260469347
5.000000000000000	0.014150916173988
	1.80716497602945	2.31198306567849
0.000000000000000	194.737943465343647
1.000000000000000	-115.166823851364626
2.000000000000000	17.194483216631195
3.000000000000000	-2.171754020014435
4.000000000000000	0.563643259043565
5.000000000000000	-0.209802689577003
6.000000000000000	0.081091376502580
7.000000000000000	-0.052710748142911
