X43054
	2.72149983727803		3.61610599759642
                0 	11.814314127117248
                1 	-10.854016020407091
                2 	3.223924612005656
                3  	-0.654839131531845
                4 	0.070826641091651
                5 	-0.000181846527124
	2.09226928732883	2.8210433259292
                0	62.31440804
                1	-51.0212089
                2	10.5531173
                3	-1.377077349
                4	0.073728584
                5	0.023486976
	1.67892045815537	2.20141889304718
                0 	195.440515653184747
                1 	-114.108776280300262
                2 	17.531891651633899
                3 	-2.389530020167751
                4 	0.403651385727678
                5 	-0.080922716883952
                6 	0.036073218116085
                7 	-0.028199403571622
