X43057
	2.7453485061094	3.6255835688145
0.000000000000000	11.598546972307139
1.000000000000000	-10.583875876836824
2.000000000000000	3.145697013311982
3.000000000000000	-0.619053510186980
4.000000000000000	0.048660984621672
5.000000000000000	0.007890312186006
	2.09686522625184	2.82737546429115
0.000000000000000	64.488880110200171
1.000000000000000	-53.190139782853528
2.000000000000000	10.943035334314413
3.000000000000000	-1.310050348145251
4.000000000000000	0.063307032729051
5.000000000000000	0.002567298443782
	1.69899632178421	2.23034616025669
0.000000000000000	194.165486618590393
1.000000000000000	-114.906863303608247
2.000000000000000	17.636621425163749
3.000000000000000	-2.350663431325830
4.000000000000000	0.603389056476794
5.000000000000000	-0.188425289741562
6.000000000000000	0.075200051976641
7.000000000000000	-0.070419869751570
