X43072
	2.75437078387379	3.65006888028409
0.000000000000000	11.596175768769456
1.000000000000000	-10.581381826123868
2.000000000000000	3.144752469154472
3.000000000000000	-0.619864601040735
4.000000000000000	0.049125225825784
5.000000000000000	0.007541703813995
	2.09714738560494	2.83776782540235
0.000000000000000	64.408429271405978
1.000000000000000	-53.133572672656641
2.000000000000000	10.983289210417109
3.000000000000000	-1.333497579125233
4.000000000000000	0.072734979998432
5.000000000000000	-0.017835325297664
	1.69287625298483	2.23136171704354
0.000000000000000	194.435677274720234
1.000000000000000	-115.147707421735859
2.000000000000000	17.691064421591108
3.000000000000000	-2.369059648600029
4.000000000000000	0.497280681492513
5.000000000000000	-0.106579659850802
6.000000000000000	0.035850465159709
7.000000000000000	0.000534558486063
