X43035
	2.75409396958168	3.65240164943629
0.000000000000000	11.601565971704876
1.000000000000000	-10.587240295836796
2.000000000000000	3.144085547037875
3.000000000000000	-0.616402167919410
4.000000000000000	0.048000033319699
5.000000000000000	0.008972460951983
	2.09614056106034	2.8381481594657
0.000000000000000	64.371983113409712
1.000000000000000	-53.115252731411736
2.000000000000000	11.003071090997926
3.000000000000000	-1.343814491127808
4.000000000000000	0.073052713644639
5.000000000000000	-0.013323319098782
	1.69259349221972	2.23047380318463
0.000000000000000	194.101517821573623
1.000000000000000	-114.838885336469900
2.000000000000000	17.753776268203165
3.000000000000000	-2.391626903838875
4.000000000000000	0.512976704267400
5.000000000000000	-0.226118886067931
6.000000000000000	0.116397572606973
7.000000000000000	0.000211060940216
