X43049
	2.778772279	  3.65001866976611
            0 	11.737020398690017
            1 	-10.820602902251943
            2 	3.302228801695887
            3 	-0.703973853492289
            4 	0.084990723783630
            5 	-0.000291115787958
	2.183987631	  2.873488363
            0	  62.32142495
            1	-51.02961542
            2	10.53984952
            3	-1.369184965
            4	0.08216455
            5	0.020517983
	1.78904996688144	2.28724787
            0 	195.803139188960614
            1 	-114.274514368261862
            2 	17.212005686849228
            3 	-2.249674638553383
            4 	0.379639326709820
            5 	-0.081377864450135
            6 	0.020420583646221
            7 	0.001617468727996
