X43053
	2.66792993846455	3.49227627335476
0.000000000000000	11.629596289285400
1.000000000000000	-10.600332543094291
2.000000000000000	3.116965127661390
3.000000000000000	-0.600390344651023
4.000000000000000	0.043593987355679
5.000000000000000	0.007493011757248
	2.04857141217696	2.74554113429569
0.000000000000000	64.598598561170974
1.000000000000000	-53.247786884062123
2.000000000000000	10.861187218007430
3.000000000000000	-1.272831319537657
4.000000000000000	0.050263341354186
5.000000000000000	0.010213473046846
	1.66507502003274	2.17654795454641
0.000000000000000	194.358381457071175
1.000000000000000	-114.941706773596820
2.000000000000000	17.468478807097100
3.000000000000000	-2.330893373462144
4.000000000000000	0.598835515976057
5.000000000000000	-0.196659357314871
6.000000000000000	0.061575339699998
7.000000000000000	-0.017259555867733
