X43063
	2.79571394612956	3.66748336924994
0.000000000000000	11.537186141104574
1.000000000000000	-10.546528292836955
2.000000000000000	3.194388470655571
3.000000000000000	-0.652568127493101
4.000000000000000	0.058481992957843
5.000000000000000	0.006955653801634
	2.17343703749655	2.87528941072879
0.000000000000000	64.326255258118593
1.000000000000000	-53.123119790675837
2.000000000000000	11.093348111422978
3.000000000000000	-1.371665996499702
4.000000000000000	0.069102221432225
5.000000000000000	0.002081308567977
	1.79126463510069	2.30029008794939
0.000000000000000	194.487731635703341
1.000000000000000	-115.211823576527578
2.000000000000000	17.674968981633874
3.000000000000000	-2.347821868685886
4.000000000000000	0.509553033145227
5.000000000000000	-0.197105892824326
6.000000000000000	0.101795569125873
7.000000000000000	0.026464002612821
