X43020
	2.79221439812412	3.64750951819466
0.000000000000000	11.527004999018150
1.000000000000000	-10.543212905643486
2.000000000000000	3.206244108704997
3.000000000000000	-0.657970231667395
4.000000000000000	0.060759000240948
5.000000000000000	0.006839054144579
	2.1801158639011	2.87009374809444
0.000000000000000	64.421526492769516
1.000000000000000	-53.163731165418767
2.000000000000000	10.998726083814635
3.000000000000000	-1.324920830595470
4.000000000000000	0.067228704696588
5.000000000000000	-0.005172152016701
	1.79895019840175	2.30555816907433
0.000000000000000	194.689873251201504
1.000000000000000	-115.110107185594288
2.000000000000000	17.217431892778468
3.000000000000000	-2.212892066477385
4.000000000000000	0.529504709323358
5.000000000000000	-0.190511058291439
6.000000000000000	0.074478447357675
7.000000000000000	-0.070588864975106
