X43041
	2.76524791979695	3.66760907283819
0.000000000000000	11.596320701431347
1.000000000000000	-10.582947755995846
2.000000000000000	3.147785547477549
3.000000000000000	-0.615256811719561
4.000000000000000	0.053317511324632
5.000000000000000	0.010024891077845
	2.10395880820422	2.84935818440164
0.000000000000000	64.430554677869892
1.000000000000000	-53.170902410406981
2.000000000000000	10.996545391931061
3.000000000000000	-1.323475868991919
4.000000000000000	0.059051267447016
5.000000000000000	0.003388710374936
	1.69967342572205	2.23940850214251
0.000000000000000	194.016986254080905
1.000000000000000	-114.690634914924445
2.000000000000000	17.680467748785833
3.000000000000000	-2.373086992413977
4.000000000000000	0.588533364066383
5.000000000000000	-0.305623674640470
6.000000000000000	0.173585575280111
7.000000000000000	-0.126600698707318
