X43042
	2.79723486015352	3.653507032509
0.000000000000000	11.529984803792924
1.000000000000000	-10.545741326432752
2.000000000000000	3.204945425621423
3.000000000000000	-0.657293286906236
4.000000000000000	0.059720032762719
5.000000000000000	0.008315728750119
	2.18421026128478	2.87544555395729
0.000000000000000	64.391545832203164
1.000000000000000	-53.140769751431662
2.000000000000000	11.001038431968652
3.000000000000000	-1.330532025902209
4.000000000000000	0.072997844388219
5.000000000000000	-0.014951904659028
	1.80179028641397	2.30970873781489
0.000000000000000	194.639641740073074
1.000000000000000	-115.105953156280392
2.000000000000000	17.258783538219379
3.000000000000000	-2.150967600810120
4.000000000000000	0.476493739140975
5.000000000000000	-0.214813096308797
6.000000000000000	0.149332511782858
7.000000000000000	-0.005998565688892
