X43056
	2.76069634941115	3.60414718366325
0.000000000000000	11.548524858423573
1.000000000000000	-10.555116458203825
2.000000000000000	3.187243507665160
3.000000000000000	-0.645580614943042
4.000000000000000	0.057283465036026
5.000000000000000	0.007166818459049
	2.15326047279361	2.83803382242948
0.000000000000000	64.408935880682549
1.000000000000000	-53.169489416217253
2.000000000000000	11.031203796160371
3.000000000000000	-1.337766963725223
4.000000000000000	0.061445077391577
5.000000000000000	0.008197570598231
	1.77716007352356	2.27756857894049
0.000000000000000	194.726912986758322
1.000000000000000	-115.232260895333368
2.000000000000000	17.319380550333513
3.000000000000000	-2.180442179802793
4.000000000000000	0.454916771740794
5.000000000000000	-0.178419820823990
6.000000000000000	0.080266597859749
7.000000000000000	-0.034615154924011
