X43061
	2.54368727420233	3.28342273046857
0.000000000000000	11.680510539722782
1.000000000000000	-10.629392049861067
2.000000000000000	3.073394591879680
3.000000000000000	-0.570921903943768
4.000000000000000	0.034560328598132
5.000000000000000	0.007812362153758
	1.9705853472226	2.6144637172192
0.000000000000000	64.734470592198079
1.000000000000000	-53.270167471197553
2.000000000000000	10.717084323099064
3.000000000000000	-1.238849436585070
4.000000000000000	0.053645708410745
5.000000000000000	0.000930107427175
	1.61280504129972	2.08985115670845
0.000000000000000	193.974713656101698
1.000000000000000	-114.507943667231657
2.000000000000000	17.461170118109791
3.000000000000000	-2.341130411348679
4.000000000000000	0.573537641110105
5.000000000000000	-0.285818678237992
6.000000000000000	0.205936790391453
7.000000000000000	-0.107431164617292
