X43021
	2.74828344498053	3.63972844042773
0.000000000000000	11.599580713467628
1.000000000000000	-10.584689218510414
2.000000000000000	3.143847589848262
3.000000000000000	-0.617102578364188
4.000000000000000	0.049450966868390
5.000000000000000	0.007424846464757
	2.0930738301139	2.831526296402
0.000000000000000	64.418753681818131
1.000000000000000	-53.148018627530426
2.000000000000000	10.985635103264917
3.000000000000000	-1.339998904349275
4.000000000000000	0.078563370172903
5.000000000000000	-0.010991948483174
	1.69199943892085	2.22724118216238
0.000000000000000	194.068430887806698
1.000000000000000	-114.852285004180089
2.000000000000000	17.750645624265555
3.000000000000000	-2.356999727934584
4.000000000000000	0.507929172173064
5.000000000000000	-0.178998476641468
6.000000000000000	0.125334128717094
7.000000000000000	-0.056295220733372
