X43055
	2.55513047033825	3.31881293001844
                0 	11.893432057245720
                1	 -10.901869644363321
                2 	3.163732342183279
                3 	-0.615075251924285
                4 	0.056460471097022
                5 	0.005010597813658
	1.99365818192838	2.64228148879423
                0	62.55654869
                1	-51.09551155
                2	10.31293512
                3	-1.300196325
                4	0.07839677
                5	0.022063398
	1.61986704246137	2.09212706390815
                0	 195.414733834073161
                1 	-114.025939983439073
                2 	17.511611787355243
                3 	-2.465567510769453
                4 	0.458494567041676
                5 	-0.111027256396366
                6 	0.031600597291422
                7 	-0.001498994203309
