X43030
	2.75001799013748	3.65205799820695
0.000000000000000	11.601027567818104
1.000000000000000	-10.585984647033689
2.000000000000000	3.143469416382973
3.000000000000000	-0.616965102143227
4.000000000000000	0.048587835898540
5.000000000000000	0.008600002161460
	2.0911265490685	2.83436721794469
0.000000000000000	64.333852617923227
1.000000000000000	-53.093660036756432
2.000000000000000	11.030995475947185
3.000000000000000	-1.360676654927072
4.000000000000000	0.083905657568698
5.000000000000000	-0.017602191658112
	1.68922376814743	2.22548601395567
0.000000000000000	193.987147456761903
1.000000000000000	-114.810754860282813
2.000000000000000	17.820759240980060
3.000000000000000	-2.413379561109739
4.000000000000000	0.531432068336329
5.000000000000000	-0.214810984038602
6.000000000000000	0.132008209775484
7.000000000000000	-0.016772139377204
