X43038
	2.75758390403146	3.58713084285499
0.000000000000000	11.546824619718226
1.000000000000000	-10.554274925004435
2.000000000000000	3.189577466303513
3.000000000000000	-0.643027114457618
4.000000000000000	0.060958002283180
5.000000000000000	0.010046816340182
	2.15782475005536	2.83371254456031
0.000000000000000	64.454211876204042
1.000000000000000	-53.184707869942379
2.000000000000000	10.977922966010871
3.000000000000000	-1.314745358454102
4.000000000000000	0.056336474800764
5.000000000000000	0.008169440565972
	1.78425401635501	2.2808687361653
0.000000000000000	194.666955487096572
1.000000000000000	-115.130973195954056
2.000000000000000	17.314280995465438
3.000000000000000	-2.165916579520985
4.000000000000000	0.427270492368888
5.000000000000000	-0.196829759000568
6.000000000000000	0.117153041303971
7.000000000000000	-0.036407197190139
