X43052
	2.57255261539037	3.31864778377377
0.000000000000000	11.663302717991495
1.000000000000000	-10.622544274754603
2.000000000000000	3.092186762515222
3.000000000000000	-0.581833274519040
4.000000000000000	0.035849048773218
5.000000000000000	0.009739267217276
	1.99649512311769	2.64368743802402
0.000000000000000	64.780407654143644
1.000000000000000	-53.300716028554177
2.000000000000000	10.682896883913903
3.000000000000000	-1.218059753341422
4.000000000000000	0.052708688655429
5.000000000000000	0.004454178381716
	1.63256337261203	2.1166699618447
0.000000000000000	194.589960974223089
1.000000000000000	-115.127871957103494
2.000000000000000	17.446020433803685
3.000000000000000	-2.300981381292134
4.000000000000000	0.446429384579355
5.000000000000000	-0.093459782500084
6.000000000000000	0.058288578826196
7.000000000000000	-0.001237734467428
