X43046
	2.55616354049525	3.30071367502573
0.000000000000000	11.679869266379084
1.000000000000000	-10.632014190680231
2.000000000000000	3.078462897756259
3.000000000000000	-0.573062794943646
4.000000000000000	0.035821729128276
5.000000000000000	0.009524299867832
	1.98089128901123	2.62774607675987
0.000000000000000	64.666613507272245
1.000000000000000	-53.226464640846103
2.000000000000000	10.734205958299606
3.000000000000000	-1.249986591506220
4.000000000000000	0.068149049760941
5.000000000000000	-0.018706451963225
	1.6179418647087	2.10015210210782
0.000000000000000	194.489823006399746
1.000000000000000	-115.021709639301520
2.000000000000000	17.394527121416118
3.000000000000000	-2.264028120211900
4.000000000000000	0.486326961426641
5.000000000000000	-0.196921563477751
6.000000000000000	0.181417950703424
7.000000000000000	-0.044358221630487
