X43060
	2.74493889707636	3.63919962970579
0.000000000000000	11.603268536250901
1.000000000000000	-10.586180934461906
2.000000000000000	3.140400170441297
3.000000000000000	-0.616332716382596
4.000000000000000	0.048097751666439
5.000000000000000	0.007422660258146
	2.08822981528896	2.82836109710846
0.000000000000000	64.435837865687972
1.000000000000000	-53.185356319315808
2.000000000000000	11.028818165215293
3.000000000000000	-1.350006475505634
4.000000000000000	0.070903292062738
5.000000000000000	0.003854141777568
	1.68646090757199	2.22278210446765
0.000000000000000	194.290776731290606
1.000000000000000	-115.075466510708139
2.000000000000000	17.736107741570557
3.000000000000000	-2.365291532608292
4.000000000000000	0.488140003773679
5.000000000000000	-0.178242466917950
6.000000000000000	0.135723798778025
7.000000000000000	-0.034065855929349
