X43087
	2.7819059805259	3.68734081209684
0.000000000000000	11.579206897079350
1.000000000000000	-10.572315161804132
2.000000000000000	3.160171269561473
3.000000000000000	-0.627649164014221
4.000000000000000	0.051683609021809
5.000000000000000	0.008175114076833
	2.12036331312126	2.86576492030779
0.000000000000000	64.448763527950973
1.000000000000000	-53.153796889866065
2.000000000000000	10.946652136675571
3.000000000000000	-1.311185614837988
4.000000000000000	0.073673129688224
5.000000000000000	-0.014806437671933
	1.71365356193137	2.25630990447899
0.000000000000000	194.261056603281872
1.000000000000000	-115.019937389265209
2.000000000000000	17.611919824678381
3.000000000000000	-2.334851042224873
4.000000000000000	0.651161612247652
5.000000000000000	-0.246151468256666
6.000000000000000	0.093716324881848
7.000000000000000	-0.018630417955236
