X43050
	2.79750491648162		3.69119991050359
                0 	11.730782433965210
                1 	-10.811166422178797
                2 	3.300415409651022
                3 	-0.703585383236320
                4 	0.083893490199124
                5 	0.001058855950520
	2.19271273902173	2.89439307153583
                0	62.18729693
                1	-50.96211821
                2	10.66104751
                3	-1.432679906
                4	0.101724152
                5	0.018817882
	1.80134652621803	2.29675065160915
                0 	195.256712470920462
                1 	-114.047957867230607
                2 	17.703596973631072
                3 	-2.449788934233332
                4 	0.425738047384006
                5 	-0.092724506926830
                6 	0.027088824456029
                7 	-0.016091228167632
