X43024
	2.75394026660777	3.64930181212407
0.000000000000000	11.595864230849790
1.000000000000000	-10.582029974819257
2.000000000000000	3.146246685478369
3.000000000000000	-0.620266936948278
4.000000000000000	0.048945267152649
5.000000000000000	0.007519814398039
	2.09730813063037	2.83736638629898
0.000000000000000	64.403380002123157
1.000000000000000	-53.128057414435204
2.000000000000000	10.987985304118236
3.000000000000000	-1.347631747212879
4.000000000000000	0.086867397482106
5.000000000000000	-0.019024510657136
	1.69506583312985	2.23131827463397
0.000000000000000	194.197020389489324
1.000000000000000	-114.859085952355784
2.000000000000000	17.654693236903011
3.000000000000000	-2.379415886234725
4.000000000000000	0.538755569394329
5.000000000000000	-0.151529398035009
6.000000000000000	0.091497007012727
7.000000000000000	-0.112320442464399
