X43117
	2.58698494082601	3.3568016976238
0.000000000000000	11.669338680259045
1.000000000000000	-10.627922129172903
2.000000000000000	3.090450851124512
3.000000000000000	-0.580501704147286
4.000000000000000	0.036081643633043
5.000000000000000	0.008832789271726
	1.99733696638872	2.66058451809079
0.000000000000000	64.618042957018147
1.000000000000000	-53.191163539697086
2.000000000000000	10.776344166931953
3.000000000000000	-1.281159796633666
4.000000000000000	0.084099253469749
5.000000000000000	-0.022160922046252
	1.62861368314516	2.11882058468397
0.000000000000000	194.457071492993236
1.000000000000000	-114.966538375266452
2.000000000000000	17.475975600523835
3.000000000000000	-2.356790749972060
4.000000000000000	0.558200406829228
5.000000000000000	-0.202489887339896
6.000000000000000	0.067878146251376
7.000000000000000	0.010970515026311
