X43118
	2.73098916205092	3.54742241492204
0.000000000000000	11.563538635660480
1.000000000000000	-10.565430553464269
2.000000000000000	3.178300341063579
3.000000000000000	-0.640710898633730
4.000000000000000	0.053718948024465
5.000000000000000	0.007406437281972
	2.13845911076529	2.80629622041479
0.000000000000000	64.403463230216928
1.000000000000000	-53.124979526502450
2.000000000000000	10.988764387085148
3.000000000000000	-1.352144552107573
4.000000000000000	0.092990117458908
5.000000000000000	-0.024840907684762
	1.76988319122479	2.25908611695397
0.000000000000000	194.801913794681752
1.000000000000000	-115.195599061684149
2.000000000000000	17.302711715990650
3.000000000000000	-2.245444636658312
4.000000000000000	0.524993131164184
5.000000000000000	-0.187308811432368
6.000000000000000	0.034529991070960
7.000000000000000	0.000004431954865
