X43126
	2.74123241266844	3.60703756644511
0.000000000000000	11.707362867480628
1.000000000000000	-10.582966841413608
2.000000000000000	3.068462765302895
3.000000000000000	-0.605261469250750
4.000000000000000	0.030438124393757
5.000000000000000	-0.001383437872248
	2.09136931995105	2.82385113881883
0.000000000000000	64.410126184713860
1.000000000000000	-53.111740334589342
2.000000000000000	10.945327050145984
3.000000000000000	-1.331078036613487
4.000000000000000	0.090556388403249
5.000000000000000	-0.027292843770643
	1.69146413949371	2.22435389536555
0.000000000000000	194.227642405596327
1.000000000000000	-114.956750323272985
2.000000000000000	17.661809019463362
3.000000000000000	-2.294429994882149
4.000000000000000	0.536820795234984
5.000000000000000	-0.223603774458690
6.000000000000000	0.191385424959935
7.000000000000000	-0.078034141192756
