X43119
	2.64525345123409	3.4539649709572
0.000000000000000	11.644377401082725
1.000000000000000	-10.612061719471974
2.000000000000000	3.109181439762536
3.000000000000000	-0.594217402326032
4.000000000000000	0.040913007439119
5.000000000000000	0.007530378734395
	2.03482558879104	2.7218861610478
0.000000000000000	64.560111667627098
1.000000000000000	-53.194649660748482
2.000000000000000	10.857070970206102
3.000000000000000	-1.292865728951832
4.000000000000000	0.073679527892583
5.000000000000000	-0.015016386288565
	1.65500360964703	2.16014420486488
0.000000000000000	194.620512328169610
1.000000000000000	-115.111601908978798
2.000000000000000	17.504223532188941
3.000000000000000	-2.344998595909677
4.000000000000000	0.554627792386404
5.000000000000000	-0.169458483408161
6.000000000000000	0.000100622266520
7.000000000000000	-0.026420778944401
