X43115
	2.76979587874146	3.6857646929215
0.000000000000000	11.594520701605468
1.000000000000000	-10.582496765347667
2.000000000000000	3.147635726787211
3.000000000000000	-0.618611241367536
4.000000000000000	0.050915533329362
5.000000000000000	0.006809969657055
	2.10229529943171	2.85509316862561
0.000000000000000	64.304871241756416
1.000000000000000	-53.062414378389370
2.000000000000000	11.046165248451477
3.000000000000000	-1.378482188029538
4.000000000000000	0.094494325293985
5.000000000000000	-0.022523919778361
	1.69590700669148	2.23776155960094
0.000000000000000	194.290569839012733
1.000000000000000	-115.085503026124868
2.000000000000000	17.801828883612814
3.000000000000000	-2.390051250709970
4.000000000000000	0.548344646189222
5.000000000000000	-0.153914890799837
6.000000000000000	0.018317748456763
7.000000000000000	-0.022796347711675
