X43132
	2.68055249764086	3.5181728110716
0.000000000000000	11.626432105822367
1.000000000000000	-10.601888017679780
2.000000000000000	3.120659056042719
3.000000000000000	-0.598650403382213
4.000000000000000	0.045013773425704
5.000000000000000	0.008109408458413
	2.05576416973479	2.75939701730629
0.000000000000000	64.457425950882964
1.000000000000000	-53.140535693702489
2.000000000000000	10.943825964592646
3.000000000000000	-1.342200041227742
4.000000000000000	0.088107159437182
5.000000000000000	-0.011415297347716
	1.67476444665731	2.18376428760508
0.000000000000000	193.886462327245766
1.000000000000000	-114.815714037007012
2.000000000000000	18.017664240427457
3.000000000000000	-2.528647066256194
4.000000000000000	0.501546106833399
5.000000000000000	-0.186838739231892
6.000000000000000	0.132896362221444
7.000000000000000	-0.029338780142528
