X43133
	2.52740925674109	3.25490961630602
0.000000000000000	11.692982642463100
1.000000000000000	-10.640301073546201
2.000000000000000	3.066245962731398
3.000000000000000	-0.563658512741571
4.000000000000000	0.034912958010711
5.000000000000000	0.009621601036667
	1.96557382085744	2.59747514248802
0.000000000000000	64.626239454066734
1.000000000000000	-53.213305640841540
2.000000000000000	10.805612784651149
3.000000000000000	-1.291594255923083
4.000000000000000	0.074428034739734
5.000000000000000	0.001587666149366
	1.62198437699189	2.08186706969929
0.000000000000000	193.677033473701357
1.000000000000000	-114.622014855326540
2.000000000000000	17.990760425272530
3.000000000000000	-2.516792669106951
4.000000000000000	0.577047272697336
5.000000000000000	-0.263379188909545
6.000000000000000	0.176909050670786
7.000000000000000	-0.078780480182231
