X43123
	2.73322416484296	3.60590691559631
0.000000000000000	11.712346412086703
1.000000000000000	-10.583948354508863
2.000000000000000	3.064701922193354
3.000000000000000	-0.603948553518913
4.000000000000000	0.030549595460976
5.000000000000000	-0.001606784145258
	2.08078791058104	2.81655724533583
0.000000000000000	64.361937170546028
1.000000000000000	-53.094311560673667
2.000000000000000	10.991557468901599
3.000000000000000	-1.348481556679418
4.000000000000000	0.090163226495813
5.000000000000000	-0.025628236129035
	1.68179045343089	2.21404483255924
0.000000000000000	194.116389088325206
1.000000000000000	-114.968824122825524
2.000000000000000	17.811061646062594
3.000000000000000	-2.355021634296762
4.000000000000000	0.520439709023288
5.000000000000000	-0.169909603173505
6.000000000000000	0.124506960716131
7.000000000000000	0.022308200611516
