X43131
	2.61017220190628	3.38372343477322
0.000000000000000	11.645383678062162
1.000000000000000	-10.614287923659653
2.000000000000000	3.107022630864458
3.000000000000000	-0.588156480093005
4.000000000000000	0.040655276651127
5.000000000000000	0.009267293584042
	2.01880685451105	2.68357040801582
0.000000000000000	64.708054891677108
1.000000000000000	-53.247690777953245
2.000000000000000	10.704410161063832
3.000000000000000	-1.231313030185387
4.000000000000000	0.073280637041070
5.000000000000000	-0.017936742658017
	1.64647087491884	2.14162480426881
0.000000000000000	194.579180456957005
1.000000000000000	-115.203456607698200
2.000000000000000	17.513406414478233
3.000000000000000	-2.302464178518739
4.000000000000000	0.433502259458640
5.000000000000000	-0.149792723452680
6.000000000000000	0.131105912332991
7.000000000000000	-0.003284173729517
