X43114
	2.80148472959754	3.71841929048855
0.000000000000000	11.567508959920328
1.000000000000000	-10.568367348729941
2.000000000000000	3.172337217133308
3.000000000000000	-0.633689208676093
4.000000000000000	0.054064020237762
5.000000000000000	0.007440886257897
	2.13402405717407	2.88617999760207
0.000000000000000	64.431869092046227
1.000000000000000	-53.129688485541244
2.000000000000000	10.939805247653339
3.000000000000000	-1.322904771762807
4.000000000000000	0.086197251498430
5.000000000000000	-0.022326945874071
	1.7219061165339	2.27041328810869
0.000000000000000	194.374040435298212
1.000000000000000	-114.907560466942527
2.000000000000000	17.468663081259162
3.000000000000000	-2.284537735266645
4.000000000000000	0.559321862861439
5.000000000000000	-0.202401906240712
6.000000000000000	0.035974397254889
7.000000000000000	-0.076258187238965
