X43122
	2.76582424712008	3.60578861643806
0.000000000000000	11.554990913597148
1.000000000000000	-10.554883068361750
2.000000000000000	3.187208499395266
3.000000000000000	-0.647870997727148
4.000000000000000	0.054728944947694
5.000000000000000	0.007912152389485
	2.16085514219225	2.84312171660636
0.000000000000000	64.384007686277485
1.000000000000000	-53.135559440961707
2.000000000000000	11.018021257260083
3.000000000000000	-1.356821537418864
4.000000000000000	0.089113746442307
5.000000000000000	-0.009684944248799
	1.78495226190403	2.2844654760134
0.000000000000000	194.640799511407294
1.000000000000000	-115.143753031974853
2.000000000000000	17.337927422793125
3.000000000000000	-2.209604613795936
4.000000000000000	0.463531897178272
5.000000000000000	-0.178345384759585
6.000000000000000	0.119377644745436
7.000000000000000	-0.031247786910653
