X43128
	2.81640427902298	3.69586381092418
0.000000000000000	11.520563451446383
1.000000000000000	-10.540897684753288
2.000000000000000	3.212789483476010
3.000000000000000	-0.661862155305546
4.000000000000000	0.061850458056361
5.000000000000000	0.008096797470675
	2.19216575428649	2.8964071559828
0.000000000000000	64.317422677596397
1.000000000000000	-53.084441744998394
2.000000000000000	11.040847271340715
3.000000000000000	-1.355977785647435
4.000000000000000	0.085737295338092
5.000000000000000	-0.022090341559663
	1.80810100077218	2.31925852510515
0.000000000000000	194.490937896271845
1.000000000000000	-115.075355452019963
2.000000000000000	17.416115927948859
3.000000000000000	-2.198539851392290
4.000000000000000	0.536418893992786
5.000000000000000	-0.177140230582616
6.000000000000000	0.026366481956795
7.000000000000000	-0.041352746389743
