X43113
	2.77997675803818	3.63832757546773
0.000000000000000	11.543635542562129
1.000000000000000	-10.552954248845248
2.000000000000000	3.192937518795555
3.000000000000000	-0.649158360349217
4.000000000000000	0.058143433277781
5.000000000000000	0.007453211634545
	2.16458505201056	2.85858143681101
0.000000000000000	64.363936679967054
1.000000000000000	-53.130621409532331
2.000000000000000	11.047770932853251
3.000000000000000	-1.357017993218644
4.000000000000000	0.075139627334350
5.000000000000000	-0.000986465357335
	1.78621077233084	2.29010881370078
0.000000000000000	194.513455723508485
1.000000000000000	-115.140860344181718
2.000000000000000	17.546959425993528
3.000000000000000	-2.218704626229546
4.000000000000000	0.413897731867541
5.000000000000000	-0.148124209317864
6.000000000000000	0.086003562073501
7.000000000000000	-0.032480819298919
