X43130
	2.76872348683818	3.67315806996496
0.000000000000000	11.589119104825139
1.000000000000000	-10.580767640285734
2.000000000000000	3.152914683888311
3.000000000000000	-0.619922694392307
4.000000000000000	0.051036688173657
5.000000000000000	0.007947867260475
	2.10871206366746	2.85284137509756
0.000000000000000	64.388013945218404
1.000000000000000	-53.142657821465150
2.000000000000000	11.035013666660500
3.000000000000000	-1.360146537652099
4.000000000000000	0.082127621222211
5.000000000000000	-0.001669577945006
	1.70920260617912	2.24371821655011
0.000000000000000	193.927093549783507
1.000000000000000	-114.942706810585861
2.000000000000000	18.055727120457153
3.000000000000000	-2.467821504228031
4.000000000000000	0.453382609411651
5.000000000000000	-0.141315103231497
6.000000000000000	0.105896491078032
7.000000000000000	-0.000069636101626
