X43127
	2.72340921892371	3.59644285631734
0.000000000000000	11.612022321170452
1.000000000000000	-10.594039515474293
2.000000000000000	3.134326793298412
3.000000000000000	-0.608137963918141
4.000000000000000	0.046926156747849
5.000000000000000	0.007929198783287
	2.07824803101048	2.80525508941619
0.000000000000000	64.397348181803650
1.000000000000000	-53.093947115377425
2.000000000000000	10.956313705770508
3.000000000000000	-1.349028886214550
4.000000000000000	0.098505089959245
5.000000000000000	-0.027966531548858
	1.68177617573644	2.20978547968374
0.000000000000000	194.364305494107668
1.000000000000000	-115.084289139522468
2.000000000000000	17.696029605901938
3.000000000000000	-2.392566817784618
4.000000000000000	0.549113615250761
5.000000000000000	-0.159953970589873
6.000000000000000	0.034199646753300
7.000000000000000	0.003090588915183
