X43120
	2.78522066386425	3.62561440292609
0.000000000000000	11.527135034639713
1.000000000000000	-10.544430640668256
2.000000000000000	3.208891622432903
3.000000000000000	-0.661011380389913
4.000000000000000	0.058977552518139
5.000000000000000	0.007637097827754
	2.18083055837436	2.86179885569544
0.000000000000000	64.487474780714194
1.000000000000000	-53.192744924749526
2.000000000000000	10.939735621641942
3.000000000000000	-1.300106031428537
4.000000000000000	0.067545269119185
5.000000000000000	-0.009616795729778
	1.80064230722654	2.30469586432251
0.000000000000000	195.024195359647280
1.000000000000000	-115.235460672385017
2.000000000000000	17.025601558521917
3.000000000000000	-2.105855316115735
4.000000000000000	0.512638984602526
5.000000000000000	-0.231083746654731
6.000000000000000	0.074725903379279
7.000000000000000	-0.048873180551703
