X43121
	2.7471445218941	3.63842392816099
0.000000000000000	11.615408941601524
1.000000000000000	-10.587980454728333
2.000000000000000	3.133840445718174
3.000000000000000	-0.613474987854879
4.000000000000000	0.045736755590588
5.000000000000000	0.007361115467813
	2.09133082076366	2.83073797745124
0.000000000000000	64.383453136797726
1.000000000000000	-53.122301581229614
2.000000000000000	11.010912789675581
3.000000000000000	-1.365009090939602
4.000000000000000	0.091716705211996
5.000000000000000	-0.012300765165962
	1.68969502297114	2.22520974450135
0.000000000000000	194.257499787517645
1.000000000000000	-115.050016954908187
2.000000000000000	17.761682562718011
3.000000000000000	-2.332717521755701
4.000000000000000	0.453641028957075
5.000000000000000	-0.186114144497393
6.000000000000000	0.113721475186683
7.000000000000000	0.000592560188320
