X43352
	2.70909003927643	3.56668757380006
0.000000000000000	11.617210135831998
1.000000000000000	-10.596928802804776
2.000000000000000	3.132567910777010
3.000000000000000	-0.610458716827417
4.000000000000000	0.044916954281769
5.000000000000000	0.009090542983082
	2.07193728432305	2.78979202679459
0.000000000000000	64.508606592861540
1.000000000000000	-53.203442116637355
2.000000000000000	10.927458446998951
3.000000000000000	-1.305876128951023
4.000000000000000	0.060006061477771
5.000000000000000	0.006509727323935
	1.6805854101655	2.2026942992505
0.000000000000000	194.213864672845517
1.000000000000000	-114.858508371150421
2.000000000000000	17.714385078728597
3.000000000000000	-2.372097384394691
4.000000000000000	0.488719713022586
5.000000000000000	-0.146081348099411
6.000000000000000	0.077305360888515
7.000000000000000	-0.096809071549701
