X43340
	2.56495357377955	3.287646211232
0.000000000000000	11.704875942072155
1.000000000000000	-10.557934800184666
2.000000000000000	3.060960069062104
3.000000000000000	-0.623207396252215
4.000000000000000	0.042818944003587
5.000000000000000	-0.004132619908294
	2.04299625528591	2.63316844639133
0.000000000000000	64.055170533172159
1.000000000000000	-53.017503014570444
2.000000000000000	11.361367682391974
3.000000000000000	-1.489843706805486
4.000000000000000	0.088885413216088
5.000000000000000	0.003334531649083
	1.72795055337213	2.14787630093985
0.000000000000000	194.472848704597709
1.000000000000000	-115.187557201144997
2.000000000000000	17.593936013578730
3.000000000000000	-2.211107292579803
4.000000000000000	0.430657013866536
5.000000000000000	-0.185234349170750
6.000000000000000	0.135981051273845
7.000000000000000	-0.060679972979476
