X43347
	2.67272477594997	3.50265675461063
0.000000000000000	11.629109808593112
1.000000000000000	-10.600978984573036
2.000000000000000	3.118487993432618
3.000000000000000	-0.600726045822238
4.000000000000000	0.043348422302075
5.000000000000000	0.008176439554982
	2.05142301330843	2.75080580399868
0.000000000000000	64.556009060570773
1.000000000000000	-53.231324264451260
2.000000000000000	10.914364110094038
3.000000000000000	-1.292210771035361
4.000000000000000	0.040785549515146
5.000000000000000	0.019639039300947
	1.66887529391219	2.17978186033273
0.000000000000000	194.090084858448648
1.000000000000000	-114.899963463924138
2.000000000000000	17.811713851039645
3.000000000000000	-2.430476791958960
4.000000000000000	0.512898364652776
5.000000000000000	-0.187728816360764
6.000000000000000	0.086029370749280
7.000000000000000	0.048498495265742
