X43327
	2.67444096651929	3.51234924661913
0.000000000000000	11.647123898351388
1.000000000000000	-10.608122233464853
2.000000000000000	3.109234847652262
3.000000000000000	-0.595760531424716
4.000000000000000	0.040878300219231
5.000000000000000	0.007882388582469
	2.04719696004127	2.75386963697553
0.000000000000000	64.464904827504753
1.000000000000000	-53.150176656393789
2.000000000000000	10.939472653984312
3.000000000000000	-1.343484989511084
4.000000000000000	0.091461576396765
5.000000000000000	-0.012880040777737
	1.6598913010729	2.17571977844305
0.000000000000000	194.367415877096931
1.000000000000000	-115.079603396795235
2.000000000000000	17.690462837066946
3.000000000000000	-2.392864777227313
4.000000000000000	0.544478670616716
5.000000000000000	-0.237169332591463
6.000000000000000	0.138079446694342
7.000000000000000	-0.012618037616479
