X43343
	2.61558669069941	3.38962674163424
0.000000000000000	11.552015804564807
1.000000000000000	-10.545426125102662
2.000000000000000	3.173625726980491
3.000000000000000	-0.650582001717204
4.000000000000000	0.063413826147156
5.000000000000000	0.003956920185702
	2.07716237540303	2.68625212411876
0.000000000000000	63.991359625345836
1.000000000000000	-52.999250077000916
2.000000000000000	11.421687997906577
3.000000000000000	-1.502340068018432
4.000000000000000	0.072669852910809
5.000000000000000	0.011401090334226
	1.75292069538548	2.18511067738323
0.000000000000000	194.451284371779394
1.000000000000000	-115.182634680499461
2.000000000000000	17.621586768106987
3.000000000000000	-2.281915443542164
4.000000000000000	0.499971007310297
5.000000000000000	-0.178629852027913
6.000000000000000	0.054976653458674
7.000000000000000	0.064523102536624
