X43351
	2.7926762062664	3.62733519677836
0.000000000000000	11.638749863779607
1.000000000000000	-10.537208949400034
2.000000000000000	3.132834204119765
3.000000000000000	-0.642658581596447
4.000000000000000	0.041568485868229
5.000000000000000	-0.001881099151557
	2.18335413135	2.87045659686978
0.000000000000000	64.417640708737451
1.000000000000000	-53.171842522291278
2.000000000000000	11.007916258018877
3.000000000000000	-1.330026437432832
4.000000000000000	0.067678122785607
5.000000000000000	-0.001582355618149
	1.80562827329263	2.30813507150923
0.000000000000000	194.555037182045936
1.000000000000000	-115.087799633465366
2.000000000000000	17.390688351306199
3.000000000000000	-2.204056226422904
4.000000000000000	0.411842903358132
5.000000000000000	-0.170308809948283
6.000000000000000	0.102982526955153
7.000000000000000	-0.029846131287328
