X43328
	2.75258862773368	3.65213703980056
0.000000000000000	11.598632293959982
1.000000000000000	-10.584662770575546
2.000000000000000	3.144839789081091
3.000000000000000	-0.616608354065524
4.000000000000000	0.048063919554163
5.000000000000000	0.007681613021709
	2.09328482581469	2.83668328568648
0.000000000000000	64.355265454964140
1.000000000000000	-53.097942509675676
2.000000000000000	11.006649542793953
3.000000000000000	-1.353514015423919
4.000000000000000	0.083052735235920
5.000000000000000	-0.016631676365982
	1.69002064280678	2.22756245600843
0.000000000000000	194.256756249844557
1.000000000000000	-114.931067455101100
2.000000000000000	17.665691782736065
3.000000000000000	-2.350355539818983
4.000000000000000	0.546827116046515
5.000000000000000	-0.171265098787379
6.000000000000000	0.083586962599462
7.000000000000000	-0.114440891293319
