X43321
	2.79227269051803	3.64649112531988
0.000000000000000	11.526917036635314
1.000000000000000	-10.544100756668724
2.000000000000000	3.208048802236172
3.000000000000000	-0.658477874838048
4.000000000000000	0.060195245328891
5.000000000000000	0.007887556499006
	2.18251933275162	2.87007794506279
0.000000000000000	64.390354229285450
1.000000000000000	-53.152147771547000
2.000000000000000	11.038061659965063
3.000000000000000	-1.349073626582028
4.000000000000000	0.073185226616559
5.000000000000000	0.002414438551523
	1.80900649545473	2.30701010512295
0.000000000000000	194.344471339661027
1.000000000000000	-114.999986524768033
2.000000000000000	17.626192665947382
3.000000000000000	-2.304018385203621
4.000000000000000	0.499265445264204
5.000000000000000	-0.256212879179228
6.000000000000000	0.158182202055678
7.000000000000000	-0.038725810264482
