X43354
	2.77931129268531	3.69144093474454
0.000000000000000	11.583753884664873
1.000000000000000	-10.574810935152820
2.000000000000000	3.156700999195565
3.000000000000000	-0.627771884418526
4.000000000000000	0.051128520024406
5.000000000000000	0.007652430000987
	2.11461932313986	2.86388172888895
0.000000000000000	64.390576456611640
1.000000000000000	-53.123981142396900
2.000000000000000	10.997330212194695
3.000000000000000	-1.338482817424017
4.000000000000000	0.075750749125889
5.000000000000000	-0.010694299312268
	1.7051377999685	2.25027522148433
0.000000000000000	194.401321686944129
1.000000000000000	-115.122365787984918
2.000000000000000	17.728208699533585
3.000000000000000	-2.355196959649986
4.000000000000000	0.431175324940709
5.000000000000000	-0.166371918006577
6.000000000000000	0.062809550302406
7.000000000000000	0.044441187747589
