X43346
	2.75924356972282	3.63705772794184
0.000000000000000	11.726718956405261
1.000000000000000	-10.581728288325769
2.000000000000000	3.051770651248683
3.000000000000000	-0.604572527047654
4.000000000000000	0.032603157915946
5.000000000000000	-0.000649950517491
	2.10281353005933	2.84305802820661
0.000000000000000	64.347636277636653
1.000000000000000	-53.103627419260484
2.000000000000000	11.058149238216988
3.000000000000000	-1.389055222010351
4.000000000000000	0.091816600718431
5.000000000000000	-0.006575143631979
	1.70962683490864	2.23655645667906
0.000000000000000	193.573169396251614
1.000000000000000	-114.658800410054439
2.000000000000000	18.222348046933671
3.000000000000000	-2.613152188600859
4.000000000000000	0.551924379403346
5.000000000000000	-0.152615386041545
6.000000000000000	0.095680165032535
7.000000000000000	-0.009232525334966
