X43325
	2.80940282182564	3.68391696736783
0.000000000000000	11.520597485950578
1.000000000000000	-10.539934691285406
2.000000000000000	3.213129128673766
3.000000000000000	-0.665745445472243
4.000000000000000	0.061088811055090
5.000000000000000	0.008329433917756
	2.18759615180095	2.88908671556301
0.000000000000000	64.361177430171097
1.000000000000000	-53.137616342039273
2.000000000000000	11.042851848932395
3.000000000000000	-1.351159841570261
4.000000000000000	0.073742651552119
5.000000000000000	-0.003655768204168
	1.80337871705291	2.31420935599985
0.000000000000000	194.587367211864574
1.000000000000000	-115.014641780923441
2.000000000000000	17.346901288763796
3.000000000000000	-2.192748376996338
4.000000000000000	0.444429668345304
5.000000000000000	-0.152826557553574
6.000000000000000	0.096967575150001
7.000000000000000	-0.055358705166749
