X43344
	2.58618563285762	3.35111205184501
0.000000000000000	11.554225008844400
1.000000000000000	-10.549477343232940
2.000000000000000	3.176753103477933
3.000000000000000	-0.650774158711726
4.000000000000000	0.064606814074667
5.000000000000000	0.004557031085580
	2.05344816660188	2.65617388537229
0.000000000000000	64.004816645840961
1.000000000000000	-52.994509990117571
2.000000000000000	11.397394761175033
3.000000000000000	-1.502682366841639
4.000000000000000	0.093417200379366
5.000000000000000	0.003337109284228
	1.7321903175975	2.16015730030346
0.000000000000000	194.586928477317116
1.000000000000000	-115.276087810808391
2.000000000000000	17.572597869954500
3.000000000000000	-2.234708929704891
4.000000000000000	0.450372594494275
5.000000000000000	-0.150018477439669
6.000000000000000	0.060348135644166
7.000000000000000	0.047330718756343
