X43353
	2.77277871518272	3.61149633674293
0.000000000000000	11.536169706973595
1.000000000000000	-10.550253961454109
2.000000000000000	3.201661687876981
3.000000000000000	-0.657043363262546
4.000000000000000	0.057870878268475
5.000000000000000	0.009232857762908
	2.17054523473343	2.84962954428304
0.000000000000000	64.434821736218183
1.000000000000000	-53.186349637534832
2.000000000000000	11.000201841088346
3.000000000000000	-1.320879474762352
4.000000000000000	0.056274795221622
5.000000000000000	0.005869336434346
	1.79630736125435	2.29374600112734
0.000000000000000	194.806877662466633
1.000000000000000	-115.252670556700224
2.000000000000000	17.372741420088186
3.000000000000000	-2.213498975857834
4.000000000000000	0.438317866842977
5.000000000000000	-0.130279454714416
6.000000000000000	0.067897809417895
7.000000000000000	-0.015830249010735
