X43348
	2.61734732335157	3.39025987596849
0.000000000000000	11.758584579222697
1.000000000000000	-10.603497332304865
2.000000000000000	3.031074642000839
3.000000000000000	-0.575926073121817
4.000000000000000	0.023780267986341
5.000000000000000	-0.001614348526613
	2.01791898102562	2.69230221215521
0.000000000000000	64.648277699050055
1.000000000000000	-53.251566670344751
2.000000000000000	10.791888461080491
3.000000000000000	-1.257640176812505
4.000000000000000	0.059554984557013
5.000000000000000	0.001254991344202
	1.64542040246835	2.14216149556065
0.000000000000000	194.216449301843539
1.000000000000000	-114.946013194270776
2.000000000000000	17.706440370614143
3.000000000000000	-2.412124163459591
4.000000000000000	0.514770644727026
5.000000000000000	-0.222360685184609
6.000000000000000	0.122563106487874
7.000000000000000	0.004661664147658
