X43341
	2.59340840561067	3.37109303768555
0.000000000000000	11.552289704258385
1.000000000000000	-10.548467759967174
2.000000000000000	3.178414832694486
3.000000000000000	-0.651591421466925
4.000000000000000	0.064353556420541
5.000000000000000	0.004817295391928
	2.05356953341708	2.66445701320836
0.000000000000000	64.000837688796338
1.000000000000000	-52.998930827534565
2.000000000000000	11.395609487008070
3.000000000000000	-1.478940557725065
4.000000000000000	0.076701309591453
5.000000000000000	-0.000831080029681
	1.72802302405882	2.1619128047816
0.000000000000000	194.532000478162530
1.000000000000000	-115.188793558451564
2.000000000000000	17.449587223240766
3.000000000000000	-2.093515851803579
4.000000000000000	0.430892675102206
5.000000000000000	-0.185924405521847
6.000000000000000	0.136792953563664
7.000000000000000	-0.072865686787212
