X43355
	2.82635695706451	3.72013825905357
0.000000000000000	11.520552133144212
1.000000000000000	-10.537646482180504
2.000000000000000	3.210554340415052
3.000000000000000	-0.665140807720976
4.000000000000000	0.061738516626809
5.000000000000000	0.007956604639877
	2.19628625133496	2.90748880663478
0.000000000000000	64.243017815979897
1.000000000000000	-53.068605693352332
2.000000000000000	11.140636344572856
3.000000000000000	-1.398548728677562
4.000000000000000	0.085047845103408
5.000000000000000	-0.011364569660669
	1.81318948013538	2.32391512562368
0.000000000000000	194.117774724870742
1.000000000000000	-114.880380355214115
2.000000000000000	17.818149737704768
3.000000000000000	-2.430234645522825
4.000000000000000	0.479501325270645
5.000000000000000	-0.188435783596368
6.000000000000000	0.112357388145686
7.000000000000000	-0.025578439034522
