X43342
	2.62635120920125	3.39733063621774
0.000000000000000	11.671282860987512
1.000000000000000	-10.540167086981903
2.000000000000000	3.097418028190332
3.000000000000000	-0.634478798418367
4.000000000000000	0.045082936991266
5.000000000000000	-0.006367664624380
	2.07946514563436	2.69851636405546
0.000000000000000	63.944723347706557
1.000000000000000	-52.973377077226615
2.000000000000000	11.462816313371388
3.000000000000000	-1.541327579677478
4.000000000000000	0.096734754438827
5.000000000000000	0.008532509019653
	1.75650580035412	2.18875669967545
0.000000000000000	193.889875684556614
1.000000000000000	-114.859164058135136
2.000000000000000	17.969014312973346
3.000000000000000	-2.391044958547780
4.000000000000000	0.483599126922169
5.000000000000000	-0.204138175254820
6.000000000000000	0.112173320514075
7.000000000000000	-0.012191598837665
