X43326
	2.57370316462766	3.33370167034137
0.000000000000000	11.672366285015153
1.000000000000000	-10.626934449129919
2.000000000000000	3.084046063046221
3.000000000000000	-0.579666607195095
4.000000000000000	0.036798814618331
5.000000000000000	0.008852584649678
	1.99278796472368	2.64648895917977
0.000000000000000	64.565970061541947
1.000000000000000	-53.185534955304483
2.000000000000000	10.841504890844160
3.000000000000000	-1.305989610646239
4.000000000000000	0.079397107498819
5.000000000000000	-0.009874106406672
	1.63548073087054	2.11197884460773
0.000000000000000	193.984685000953902
1.000000000000000	-114.605554670514266
2.000000000000000	17.785700078690990
3.000000000000000	-2.496468956847801
4.000000000000000	0.550896199609336
5.000000000000000	-0.189807412822590
6.000000000000000	0.134237902447230
7.000000000000000	-0.152227345967204
