X46307
	2.80131567584735	3.67618039466533
0.000000000000000	11.553907986917935
1.000000000000000	-10.550412071783816
2.000000000000000	3.184652902400218
3.000000000000000	-0.646900899253260
4.000000000000000	0.055412968091083
5.000000000000000	0.006662915445545
	2.17468154095569	2.88168696544338
0.000000000000000	64.293223350696408
1.000000000000000	-53.081244641666672
2.000000000000000	11.080160630373530
3.000000000000000	-1.387995235077506
4.000000000000000	0.092399571929992
5.000000000000000	-0.010429218391965
	1.78921203993746	2.30223193463254
0.000000000000000	194.514330715970942
1.000000000000000	-115.183629193944071
2.000000000000000	17.513642380263381
3.000000000000000	-2.192199810886287
4.000000000000000	0.441586492344332
5.000000000000000	-0.146756174121388
6.000000000000000	0.107599641686322
7.000000000000000	-0.014525434750668
