X46309
	2.87057595599328	3.80064043572331
0.000000000000000	11.518775385123300
1.000000000000000	-10.534210859835857
2.000000000000000	3.212658553859367
3.000000000000000	-0.666562520835068
4.000000000000000	0.062753734430424
5.000000000000000	0.006091653696734
	2.21625428343982	2.95509161726304
0.000000000000000	64.225285169449265
1.000000000000000	-53.071255780492102
2.000000000000000	11.159148825164660
3.000000000000000	-1.407709435035910
4.000000000000000	0.090418816806094
5.000000000000000	-0.008494572862350
	1.81848645812396	2.34895256919698
0.000000000000000	194.404009387373691
1.000000000000000	-115.177428238560708
2.000000000000000	17.592251790146101
3.000000000000000	-2.158175410493279
4.000000000000000	0.393610968883399
5.000000000000000	-0.101642339547531
6.000000000000000	0.078784126760783
7.000000000000000	0.019750015061753
