X46308
	2.85821013852597	3.77388139667162
0.000000000000000	11.527685703687021
1.000000000000000	-10.535128286391759
2.000000000000000	3.206019061336283
3.000000000000000	-0.662263867783258
4.000000000000000	0.060920252308356
5.000000000000000	0.004941178146057
	2.21206491886837	2.94158682140161
0.000000000000000	64.240877135184476
1.000000000000000	-53.083471239184497
2.000000000000000	11.155872827756189
3.000000000000000	-1.406330163359817
4.000000000000000	0.083422139349528
5.000000000000000	-0.000255092319198
	1.81937669997142	2.34313211332333
0.000000000000000	194.264587867559385
1.000000000000000	-114.950604308875412
2.000000000000000	17.601189973751541
3.000000000000000	-2.316935899233540
4.000000000000000	0.516618253442476
5.000000000000000	-0.158662912705524
6.000000000000000	0.128010907361201
7.000000000000000	-0.062237494671161
