X46311
	2.86495495585352	3.79118360655863
0.000000000000000	11.519175927774766
1.000000000000000	-10.535594074022709
2.000000000000000	3.213077711191623
3.000000000000000	-0.665939625478732
4.000000000000000	0.062197962263856
5.000000000000000	0.006759228551566
	2.21327977280157	2.949163953663
0.000000000000000	64.217010872244430
1.000000000000000	-53.058696295816937
2.000000000000000	11.158409307287050
3.000000000000000	-1.417124599064631
4.000000000000000	0.098512735527769
5.000000000000000	-0.012870067113778
	1.81588927937677	2.34520011531722
0.000000000000000	194.478859277640481
1.000000000000000	-115.240290043615531
2.000000000000000	17.666207046344962
3.000000000000000	-2.254058552866862
4.000000000000000	0.432851331613874
5.000000000000000	-0.143686817188081
6.000000000000000	0.085575787371550
7.000000000000000	0.028303880667402
