X46310
	2.84035715328794	3.73304072150014
0.000000000000000	11.604069061702784
1.000000000000000	-10.537960769422911
2.000000000000000	3.154076158788887
3.000000000000000	-0.649753907285652
4.000000000000000	0.046944252636162
5.000000000000000	0.000611525343776
	2.19936937766855	2.9229342375509
0.000000000000000	64.293254252502322
1.000000000000000	-53.113840553829632
2.000000000000000	11.122099583932897
3.000000000000000	-1.390157887864682
4.000000000000000	0.090743537551336
5.000000000000000	0.000087577199953
	1.80823055963646	2.32936720305149
0.000000000000000	194.465594397853323
1.000000000000000	-115.090618830266962
2.000000000000000	17.606806636492255
3.000000000000000	-2.230269653019440
4.000000000000000	0.397092145855668
5.000000000000000	-0.138276232245145
6.000000000000000	0.090970783938196
7.000000000000000	-0.028947056296674
