X46664
	2.51439071419927	3.24676810686258
0.000000000000000	11.604134643005835
1.000000000000000	-10.580604015299476
2.000000000000000	3.137687395604401
3.000000000000000	-0.622420873880088
4.000000000000000	0.053037942426894
5.000000000000000	0.006491926301392
	1.986875594341	2.58271718857202
0.000000000000000	64.173812096534434
1.000000000000000	-53.042502694304282
2.000000000000000	11.213723529830949
3.000000000000000	-1.443224869909408
4.000000000000000	0.091520850348256
5.000000000000000	-0.002118513178420
	1.66589820089637	2.09352390745297
0.000000000000000	194.265678442415861
1.000000000000000	-114.938518286661434
2.000000000000000	17.562291388592012
3.000000000000000	-2.273054115050635
4.000000000000000	0.489171102520498
5.000000000000000	-0.207574024906401
6.000000000000000	0.127751895325049
7.000000000000000	-0.020467718594389
