X46665
	2.74078495791574	3.60553425002827
0.000000000000000	11.598040933797416
1.000000000000000	-10.527671111352037
2.000000000000000	3.153036471535496
3.000000000000000	-0.659174352495822
4.000000000000000	0.054953303267076
5.000000000000000	-0.001865171355565
	2.14156856883326	2.82030454783981
0.000000000000000	63.897145086646503
1.000000000000000	-52.934882078333260
2.000000000000000	11.469003193367410
3.000000000000000	-1.543046326178652
4.000000000000000	0.112965962701634
5.000000000000000	-0.005287788846766
	1.78281268833603	2.26064263434281
0.000000000000000	194.511622844672132
1.000000000000000	-115.196992443132927
2.000000000000000	17.628785525525029
3.000000000000000	-2.156619678879190
4.000000000000000	0.369977136969802
5.000000000000000	-0.124887646427590
6.000000000000000	0.077296867032215
7.000000000000000	-0.037149638152736
