X46924
	2.60761949852624	3.43493248620202
0.000000000000000	11.423932234864090
1.000000000000000	-10.452499300962192
2.000000000000000	3.268943107144958
3.000000000000000	-0.735590693168549
4.000000000000000	0.096491232421674
5.000000000000000	-0.001408108467166
	2.08024129461491	2.67950175673565
0.000000000000000	63.604534251250733
1.000000000000000	-52.857873392169196
2.000000000000000	11.757104992215030
3.000000000000000	-1.612186254811433
4.000000000000000	0.093692049159991
5.000000000000000	0.003858013763279
	1.76416985338858	2.18432615764737
0.000000000000000	194.747898468339059
1.000000000000000	-115.304888731793710
2.000000000000000	17.270650766509558
3.000000000000000	-2.076290984679713
4.000000000000000	0.434368425474410
5.000000000000000	-0.147398781930357
6.000000000000000	0.061090343703872
7.000000000000000	-0.006505427571877
