X48797
	2.89682132722172	3.71881070523109
0.000000000000000	11.466598909027786
1.000000000000000	-10.512083433005825
2.000000000000000	3.263363091967979
3.000000000000000	-0.692197122592505
4.000000000000000	0.064619930729377
5.000000000000000	0.011964337254688
	2.29430332416007	2.97059870795091
0.000000000000000	64.998750156079055
1.000000000000000	-53.420038455846793
2.000000000000000	10.473165653047245
3.000000000000000	-1.095437169162521
4.000000000000000	0.028263001443471
5.000000000000000	0.010356660167007
	1.89916265543918	2.42129889240366
0.000000000000000	195.395633962870533
1.000000000000000	-115.332919186005711
2.000000000000000	16.691300967115417
3.000000000000000	-2.013198048111200
4.000000000000000	0.403535639836120
5.000000000000000	-0.200241914273346
6.000000000000000	0.110007422783888
7.000000000000000	-0.016096717989665
