X48790
	3.08652679548343	3.94852017535281
0.000000000000000	11.449313496201933
1.000000000000000	-10.500737915814955
2.000000000000000	3.278507634350434
3.000000000000000	-0.705628848321185
4.000000000000000	0.068076414256576
5.000000000000000	0.011233179538107
	2.46340907063875	3.16329097881866
0.000000000000000	64.894687050741709
1.000000000000000	-53.350784736624604
2.000000000000000	10.538592272629046
3.000000000000000	-1.131757357996881
4.000000000000000	0.045317749616064
5.000000000000000	-0.001329657711631
	2.05844944687568	2.59408186899286
0.000000000000000	195.236430769781407
1.000000000000000	-115.314012789839381
2.000000000000000	16.846929079786893
3.000000000000000	-2.026891129318303
4.000000000000000	0.390369910627937
5.000000000000000	-0.174150205294533
6.000000000000000	0.080098116192808
7.000000000000000	-0.007863573177568
