X48796
	2.96189280910183	3.84034928021953
0.000000000000000	11.440753044039694
1.000000000000000	-10.496250707396070
2.000000000000000	3.283869335642635
3.000000000000000	-0.706938124912373
4.000000000000000	0.070681899271319
5.000000000000000	0.010933638496107
	2.33046312588043	3.04003179380775
0.000000000000000	64.853111657150734
1.000000000000000	-53.350470510926108
2.000000000000000	10.590680586409709
3.000000000000000	-1.148937419358824
4.000000000000000	0.048967160025399
5.000000000000000	-0.001983347469551
	1.92226632644781	2.46257971960329
0.000000000000000	195.247126268875945
1.000000000000000	-115.357681247783120
2.000000000000000	16.878496126378309
3.000000000000000	-2.065867970923745
4.000000000000000	0.437197268589201
5.000000000000000	-0.173903516594099
6.000000000000000	0.064775811318255
7.000000000000000	-0.014238116691079
