X48795
	2.92164914015678	3.76327736984413
0.000000000000000	11.456381473923646
1.000000000000000	-10.504451822373817
2.000000000000000	3.270158208148528
3.000000000000000	-0.698234040369357
4.000000000000000	0.067026149728074
5.000000000000000	0.011274798592348
	2.30991383511471	2.99687740683495
0.000000000000000	64.924534249490435
1.000000000000000	-53.383099030883862
2.000000000000000	10.530266632567168
3.000000000000000	-1.120728178017726
4.000000000000000	0.038149220971476
5.000000000000000	0.002252692560057
	1.91235386643194	2.43830241590382
0.000000000000000	195.223079348240048
1.000000000000000	-115.265993443369865
2.000000000000000	16.843401383151082
3.000000000000000	-2.073412650784280
4.000000000000000	0.440464228836855
5.000000000000000	-0.217735112711699
6.000000000000000	0.115183178554113
7.000000000000000	-0.012017838223144
