X48789
	2.88538710728259	3.7021303119452
0.000000000000000	11.465846791186106
1.000000000000000	-10.513177864911611
2.000000000000000	3.264410455185499
3.000000000000000	-0.690868195305640
4.000000000000000	0.064805380896595
5.000000000000000	0.011964538834276
	2.28645559397129	2.95869995517371
0.000000000000000	64.988661783448933
1.000000000000000	-53.403360218523851
2.000000000000000	10.471591500436682
3.000000000000000	-1.106518930024345
4.000000000000000	0.041422615462089
5.000000000000000	0.003822599588964
	1.89554386632933	2.41252124361248
0.000000000000000	195.342849538479243
1.000000000000000	-115.333154257445358
2.000000000000000	16.765971464054754
3.000000000000000	-2.057474525227279
4.000000000000000	0.430322445643549
5.000000000000000	-0.158211760606479
6.000000000000000	0.042425157751117
7.000000000000000	-0.045258291113985
