X48798
	2.89578462759949	3.71616663855839
0.000000000000000	11.466508033607747
1.000000000000000	-10.512378137307296
2.000000000000000	3.263637239142651
3.000000000000000	-0.691136556278826
4.000000000000000	0.064822552418283
5.000000000000000	0.012260417133653
	2.29512017346545	2.96943016182542
0.000000000000000	64.957256212828440
1.000000000000000	-53.377576021678401
2.000000000000000	10.479945095161270
3.000000000000000	-1.108143396798156
4.000000000000000	0.036419381102463
5.000000000000000	0.005748590548342
	1.90171974573662	2.42149593204283
0.000000000000000	195.364792333867143
1.000000000000000	-115.365025333816760
2.000000000000000	16.776272557674901
3.000000000000000	-2.013280318087404
4.000000000000000	0.366734860023577
5.000000000000000	-0.147895650364658
6.000000000000000	0.078016248875074
7.000000000000000	-0.011167136701035
