X48792
	2.88110597973897	3.69682957039628
0.000000000000000	11.465865307899485
1.000000000000000	-10.511632326231204
2.000000000000000	3.263572382195163
3.000000000000000	-0.691166921111612
4.000000000000000	0.064864896014738
5.000000000000000	0.012021865643570
	2.28315354347179	2.95428379923073
0.000000000000000	64.956336382585590
1.000000000000000	-53.364738566177934
2.000000000000000	10.472679334351060
3.000000000000000	-1.120197658802970
4.000000000000000	0.046860040199318
5.000000000000000	-0.002608153210033
	1.89273677216015	2.40887675752317
0.000000000000000	195.149399262350386
1.000000000000000	-115.183213419873837
2.000000000000000	16.831217615735632
3.000000000000000	-2.079283610708813
4.000000000000000	0.403883466609643
5.000000000000000	-0.161542145575302
6.000000000000000	0.116522004510145
7.000000000000000	-0.043662292996693
