X48793
	2.91607927773968	3.75494750854757
0.000000000000000	11.458533740951182
1.000000000000000	-10.506459613055878
2.000000000000000	3.269098241228095
3.000000000000000	-0.696945583735433
4.000000000000000	0.066538676519918
5.000000000000000	0.011522766481038
	2.30521953461352	2.99115493420249
0.000000000000000	64.936974357127596
1.000000000000000	-53.387342584503415
2.000000000000000	10.520182555262101
3.000000000000000	-1.120256060300197
4.000000000000000	0.039916210075927
5.000000000000000	0.001261409746665
	1.9074277002596	2.43345525242314
0.000000000000000	195.282605414271302
1.000000000000000	-115.310641145020327
2.000000000000000	16.844281322602431
3.000000000000000	-2.082947927772343
4.000000000000000	0.417299158756608
5.000000000000000	-0.192382518989798
6.000000000000000	0.093594170918630
7.000000000000000	-0.015177779376323
