X48799
	2.94028506186372	3.80428794724185
0.000000000000000	11.445063355344253
1.000000000000000	-10.499307500894890
2.000000000000000	3.282172939427746
3.000000000000000	-0.707306158372662
4.000000000000000	0.068833500617411
5.000000000000000	0.011239108842827
	2.31744262303417	3.01710240750851
0.000000000000000	64.860949601344288
1.000000000000000	-53.320976364397978
2.000000000000000	10.549968785312590
3.000000000000000	-1.141996258318815
4.000000000000000	0.050229581134300
5.000000000000000	-0.010658426794138
	1.91306988343906	2.44783830141524
0.000000000000000	195.190772476087232
1.000000000000000	-115.298202238502142
2.000000000000000	16.881786229785220
3.000000000000000	-2.059322582382959
4.000000000000000	0.404402078540702
5.000000000000000	-0.149971683295511
6.000000000000000	0.076170289522161
7.000000000000000	-0.003967314305318
