X48804
	2.9444710447468	3.80401730682943
0.000000000000000	11.448928583611627
1.000000000000000	-10.502302813008431
2.000000000000000	3.280001386701413
3.000000000000000	-0.705468548607054
4.000000000000000	0.067986396912614
5.000000000000000	0.012073604217498
	2.32386677451347	3.02104547828772
0.000000000000000	64.879963873598854
1.000000000000000	-53.344515331711896
2.000000000000000	10.550114824427633
3.000000000000000	-1.132933143893162
4.000000000000000	0.041694200397087
5.000000000000000	-0.001889818437824
	1.91998487285743	2.45385757016571
0.000000000000000	195.297577121574932
1.000000000000000	-115.330288137920860
2.000000000000000	16.810523815197619
3.000000000000000	-2.048838358927517
4.000000000000000	0.416185551721891
5.000000000000000	-0.177364574339028
6.000000000000000	0.067703674346047
7.000000000000000	0.012521162639825
