X48803
	2.93566944603962	3.79630504474363
0.000000000000000	11.450596095120355
1.000000000000000	-10.504951298250930
2.000000000000000	3.281100459383668
3.000000000000000	-0.703995997944917
4.000000000000000	0.067872347585188
5.000000000000000	0.012714204626271
	2.31415774207961	3.01241150872243
0.000000000000000	64.916582278305427
1.000000000000000	-53.392202731824639
2.000000000000000	10.567408243853905
3.000000000000000	-1.137377795550465
4.000000000000000	0.043910893042201
5.000000000000000	0.007328142986900
	1.91002617122295	2.44473306004875
0.000000000000000	195.316589679551811
1.000000000000000	-115.432635154962781
2.000000000000000	16.857715786246445
3.000000000000000	-2.043235574394353
4.000000000000000	0.355255306618052
5.000000000000000	-0.144702612144250
6.000000000000000	0.094629255881554
7.000000000000000	0.042288662928589
