X48801
	2.90379864396535	3.73332440246088
0.000000000000000	11.467744178800290
1.000000000000000	-10.514711337202913
2.000000000000000	3.265913520040919
3.000000000000000	-0.693338110792570
4.000000000000000	0.064772088736928
5.000000000000000	0.012619567214964
	2.29812214857767	2.97822135057246
0.000000000000000	64.964433754520741
1.000000000000000	-53.410279738301746
2.000000000000000	10.525686709134186
3.000000000000000	-1.126441634511115
4.000000000000000	0.045827768338232
5.000000000000000	0.006246187921578
	1.90366694380775	2.42564230789919
0.000000000000000	195.245781714605101
1.000000000000000	-115.367088181006522
2.000000000000000	16.879713537097029
3.000000000000000	-2.088489395489742
4.000000000000000	0.380743245081594
5.000000000000000	-0.165452744728652
6.000000000000000	0.106585185318954
7.000000000000000	0.054670148742113
