X48911
	2.88646218488305	3.70749174905848
0.000000000000000	11.463451178721145
1.000000000000000	-10.512060172502879
2.000000000000000	3.267092138141212
3.000000000000000	-0.692796492371726
4.000000000000000	0.065333246840627
5.000000000000000	0.012365611790682
	2.28559081364713	2.96012898222255
0.000000000000000	64.990725323208352
1.000000000000000	-53.414018185252743
2.000000000000000	10.473126125922201
3.000000000000000	-1.092799438715602
4.000000000000000	0.030362940261204
5.000000000000000	0.007564517823095
	1.89245002190364	2.41221366023788
0.000000000000000	195.403703055148810
1.000000000000000	-115.326220669729125
2.000000000000000	16.669474705359232
3.000000000000000	-2.024823663421322
4.000000000000000	0.454045615908304
5.000000000000000	-0.166509068953390
6.000000000000000	0.044571816823185
7.000000000000000	-0.064617098187202
