X48913
	2.9372451436753	3.78982740031755
0.000000000000000	11.451158247291941
1.000000000000000	-10.503326650636428
2.000000000000000	3.275821890977208
3.000000000000000	-0.700246142562797
4.000000000000000	0.068052635686682
5.000000000000000	0.011513356451763
	2.31919932366846	3.01336236966838
0.000000000000000	64.922924170151575
1.000000000000000	-53.387189161931900
2.000000000000000	10.537274902003183
3.000000000000000	-1.117862742778734
4.000000000000000	0.032538540118095
5.000000000000000	0.008672642008365
	1.91727485737459	2.44903574871207
0.000000000000000	195.233837812064848
1.000000000000000	-115.200680758997762
2.000000000000000	16.732961159906580
3.000000000000000	-2.051265292178905
4.000000000000000	0.482467111694940
5.000000000000000	-0.200484357874501
6.000000000000000	0.064201474253463
7.000000000000000	-0.082133351267363
