X48912
	2.92937401734306	3.78481040020392
0.000000000000000	11.451971320994618
1.000000000000000	-10.505170368784578
2.000000000000000	3.279223059585886
3.000000000000000	-0.703047065692950
4.000000000000000	0.067711833000443
5.000000000000000	0.012403885867900
	2.31071178804812	3.00565897697238
0.000000000000000	64.933851706838439
1.000000000000000	-53.413652933479753
2.000000000000000	10.572317151025684
3.000000000000000	-1.131410656501247
4.000000000000000	0.033988936072178
5.000000000000000	0.015827996869405
	1.90760078580075	2.44071253507891
0.000000000000000	195.314083389497398
1.000000000000000	-115.321361746790103
2.000000000000000	16.778603004776624
3.000000000000000	-2.044392972264407
4.000000000000000	0.366867233019480
5.000000000000000	-0.187256995174840
6.000000000000000	0.113299653328644
7.000000000000000	0.002333845331882
