X40295
	2.73240686888448	3.53244112316609
			0	11.613773020604
			1	-10.55645625491
			2	3.1430873205222
			3	-0.634230515141
			4	4.6116902646407
			5	2.6782815176182
	2.14419444645054	2.80677266634248
			0	64.503919283020
			1	-53.19767079686
			2	10.931104419520
			3	-1.311000643699
			4	7.5531300918236
			5	-1.187719897064
	1.77551899263247	2.26478723249478
			0	194.81293932434
			1	-115.1383981625
			2	17.157012590616
			3	-2.163222523205
			4	0.4511873669013
			5	-0.241297740855
			6	0.1475708688447
			7	-5.492787695663
