X40249
	2.6333736983468	3.37541192819447
			0	11.599124571797
			1	-10.58608139347
			2	3.1483042601492
			3	-0.619012957229
			4	4.8312604444120
			5	9.0419812781877
	2.08041643094208	2.70265292616378
			0	64.612408522289
			1	-53.23391959351
			2	10.823083244955
			3	-1.264736745454
			4	5.8743788663803
			5	-2.329358716904
	1.73191021748699	2.19480540200855
			0	194.91082740981
			1	-115.2572138607
			2	17.077833658482
			3	-2.158903947030
			4	0.5555112545312
			5	-0.180894589811
			6	6.0207048378742
			7	-2.743481039865
