X40291
	2.74315818885731	3.56345880765199
			0	11.548293116383
			1	-10.55128240441
			2	3.1851615980061
			3	-0.648052869507
			4	5.6598992598309
			5	7.7825151312404
	2.14826937250351	2.81850115434555
			0	64.486876675571
			1	-53.20465219031
			2	10.946854528212
			3	-1.303223228187
			4	6.8078825137301
			5	-7.901031421916
	1.77506026026539	2.27026418393204
			0	194.89821947546
			1	-115.3005423249
			2	17.272373324972
			3	-2.163782294483
			4	0.3527547136379
			5	-0.154599774696
			6	8.3693125237826
			7	0.0300588380317
