X40282
	2.67787483707881	3.45689589222308
			0	11.579591306224
			1	-10.57350749136
			2	3.1623512739513
			3	-0.628799693131
			4	0.0512583524005
			5	9.4090805391304
	2.10486947716743	2.75023579917355
			0	64.530244038064
			1	-53.21713513629
			2	10.906455340655
			3	-1.288624576962
			4	6.0025034806549
			5	-4.635563880694
	1.74518756852638	2.22226212277331
			0	195.02353377591
			1	-115.2948346776
			2	17.192519218410
			3	-2.152744201800
			4	0.3987988565081
			5	-0.144533200465
			6	5.1931102952138
			7	2.9863764105140
