X40255
	2.64695984535512	3.40608335028215
			0	11.594834928762
			1	-10.58133482814
			2	3.1478712291283
			3	-0.619392433875
			4	4.8598673935325
			5	7.9572060543439
	2.08316318569583	2.71776580437618
			0	64.557738116424
			1	-53.20749610492
			2	10.861242800081
			3	-1.277818573052
			4	5.7362660384968
			5	-1.711122639471
	1.72894953371749	2.19959741525952
			0	194.87918019866
			1	-115.3610395593
			2	17.245650315908
			3	-2.158015630980
			4	0.5216911117494
			5	-0.165465309809
			6	2.3890169652518
			7	1.3894195584278
