X40241
	2.59333891035336	3.31883390991406
			0	11.613754286061
			1	-10.59450597720
			2	3.1363995619867
			3	-0.611052194194
			4	0.0455810215345
			5	9.7887842494859
	2.04929646002731	2.66150327062221
			0	64.614162781162
			1	-53.22453043687
			2	10.807786837118
			3	-1.266601917712
			4	6.2425191177416
			5	-8.806915526613
	1.70638404088836	2.16189781771195
			0	194.73781934973
			1	-115.0743845890
			2	17.061686259262
			3	-2.119224678759
			4	0.4863710802971
			5	-0.150360277793
			6	6.7520450958534
			7	-2.917777618971
