X40253
	2.67214317004286	3.43891612888809
			0	11.581311800683
			1	-10.57000636256
			2	3.1565706947695
			3	-0.628790168402
			4	5.1263016040905
			5	7.6427605644729
	2.10569520589515	2.74328338657419
			0	64.571123170553
			1	-53.24306849707
			2	10.891498683586
			3	-1.285156968664
			4	5.4271696139803
			5	9.4842229980787
	1.74918544786539	2.22226115955575
			0	194.87017061448
			1	-115.1452959961
			2	17.137154407222
			3	-2.118163257666
			4	0.3687742359729
			5	-0.219951616181
			6	0.1469716770687
			7	-7.626658207494
