X40311
	2.63151415351548	3.38043123937568
			0	11.597177843691
			1	-10.58291521244
			2	3.1467282002892
			3	-0.618532182770
			4	4.7827366924804
			5	8.5904001945195
	2.07465845008831	2.70135250254912
			0	64.570841413400
			1	-53.21975526534
			2	10.870339337283
			3	-1.283565332804
			4	5.2888755930682
			5	1.1906561729712
	1.72344187947724	2.18947989836744
			0	195.04751680252
			1	-115.3914799352
			2	17.108361614703
			3	-2.122139857459
			4	0.4848865326540
			5	-0.208330422087
			6	6.4395556376373
			7	2.6292255205956
