X40325
	2.68547125458583	3.45830082359662
			0	11.628841218561
			1	-10.56658751383
			2	3.1304718078500
			3	-0.624927453222
			4	4.3607396946904
			5	3.4390327169555
	2.112011529577	2.75767774289277
			0	64.560735739407
			1	-53.22923751279
			2	10.896184321865
			3	-1.295590254469
			4	6.5971332812929
			5	1.2927074713496
	1.75084220273368	2.2298633788759
			0	195.09534779797
			1	-115.4076005211
			2	17.175521720185
			3	-2.187659927883
			4	0.4357478776159
			5	-0.158554288950
			6	0.0348937627220
			7	6.4888260452814
