X40374
	2.64863310121035	3.40201204822243
			0	11.596103675640
			1	-10.58663465273
			2	3.1478481559559
			3	-0.623300385162
			4	4.7245645472074
			5	9.3004904202251
	2.09137959520833	2.71884559195514
			0	64.507132293742
			1	-53.15521898787
			2	10.881119818471
			3	-1.302439741371
			4	7.0609280772863
			5	-6.382034251908
	1.74026302721689	2.20566830212942
			0	194.85819343569
			1	-115.0733408508
			2	17.062880653795
			3	-2.167071269416
			4	0.5224815079010
			5	-0.207861571227
			6	7.9091359522269
			7	-4.853378313511
