X40530
	2.75322012969624	3.58987902776252
			0	11.569152353439
			1	-10.55879264421
			2	3.1757838371913
			3	-0.641044457288
			4	5.5510891325520
			5	8.5710570493585
	2.14848974824134	2.83042606970168
			0	64.393973049435
			1	-53.15478522319
			2	11.039913885067
			3	-1.359593344876
			4	7.6508311340039
			5	6.6266671328733
	1.77636109560203	2.27162215110037
			0	194.58701964153
			1	-115.0936676281
			2	17.505188754617
			3	-2.278616965595
			4	0.5061798422372
			5	-0.217158597360
			6	5.3638397738130
			7	1.1145713628289
