X40525
	2.64623295511993	3.44444024091674
			0	11.475222494729
			1	-10.50229939847
			2	3.2428628293360
			3	-0.694601918395
			4	7.3935282559069
			5	6.0942067521673
	2.09616488919225	2.71753560949111
			0	64.179786700308
			1	-53.05562256772
			2	11.196651046942
			3	-1.418311138997
			4	0.0911254793093
			5	-7.061886013417
	1.7585116880376	2.2071747360029
			0	194.71368457480
			1	-115.0830773436
			2	17.227909551465
			3	-2.202773030251
			4	0.5326336015769
			5	-0.136022465596
			6	0.0392503551260
			7	-6.092970902497
