X40533
	2.73933202373175	3.54773355372848
			0	11.571458323215
			1	-10.55795912958
			2	3.1746672196119
			3	-0.641077657212
			4	5.4398098712674
			5	9.7062703737989
	2.14962038780217	2.8141151223737
			0	64.50449842725
			1	-53.19917870718
			2	10.915236051553
			3	-1.301054660448
			4	6.9571047153673
			5	5.1870096707404
	1.77927425797934	2.27114871437337
			0	194.79263790635
			1	-115.2825527272
			2	17.261757263533
			3	-2.197026168066
			4	0.4576905905013
			5	-0.211923380828
			6	0.1179200427843
			7	4.4694984595145
