X40536
	2.77441074401672	3.58733901941437
			0	11.730571462426
			1	-10.53516937284
			2	3.0619437335350
			3	-0.632174852991
			4	2.5708626684129
			5	-7.829994060374
	2.16844833534215	2.85144572776816
			0	64.473192777306
			1	-53.20700272633
			2	10.977843334998
			3	-1.308683221889
			4	6.0755747896171
			5	1.3638802968212
	1.79059785608498	2.29323803911188
			0	194.70805375309
			1	-115.2381617710
			2	17.315937817402
			3	-2.177980903518
			4	0.4458220610704
			5	-0.183268645962
			6	8.6479803606205
			7	9.2977050892900
