X40526
	2.64864431735089	3.40058191566874
			0	11.590755856109
			1	-10.58056424352
			2	3.1531362632311
			3	-0.624020648413
			4	4.8394549783213
			5	7.3594411623712
	2.09094387986225	2.71858804094368
			0	64.598401788776
			1	-53.25880689298
			2	10.895787221178
			3	-1.301719089211
			4	6.3532205019169
			5	1.7896106081107
	1.74002910221119	2.2057972151258
			0	194.98259963654
			1	-115.2387349361
			2	17.074122327187
			3	-2.171016346198
			4	0.4542578507423
			5	-0.180361981404
			6	3.8971519217634
			7	4.2752688309455
