X40527
	2.53425334007596	3.24613448008098
			0	11.540157005046
			1	-10.54455090824
			2	3.1915948847253
			3	-0.658417790488
			4	6.0934748178933
			5	6.4319669605942
	2.02616630842203	2.59920164475893
			0	64.355027004940
			1	-53.15658592948
			2	11.106321893043
			3	-1.383347319297
			4	7.1477918767176
			5	1.3616571994991
	1.71310236072399	2.12967339642796
			0	194.652233958
			1	-115.1375587313
			2	17.381611964345
			3	-2.278198334651
			4	0.4810825937702
			5	-0.169453513988
			6	5.3592061906838
			7	-3.651316122487
