X40572
	2.64629598233853	3.40280722523006
			0	11.598630594675
			1	-10.58504672292
			2	3.1496035608291
			3	-0.622459410538
			4	4.7456047179573
			5	1.0130972233378
	2.08753290473033	2.71688305094154
			0	64.496541933210
			1	-53.16249502278
			2	10.904879587664
			3	-1.311928169936
			4	7.0475904051919
			5	-3.430328154106
	1.73531116414098	2.20197738003942
			0	195.04371183407
			1	-115.3232053835
			2	17.137418778604
			3	-2.170250590351
			4	0.4648229920028
			5	-0.192618725404
			6	6.7892565406442
			7	-1.503893155342
