X40523
	2.5361849023442	3.26249532381178
			0	11.522094875559
			1	-10.52925114050
			2	3.2036253103395
			3	-0.667506168166
			4	6.4921203187595
			5	7.3851285075210
	2.02528578892374	2.60210054168204
			0	64.172184088978
			1	-53.01149636644
			2	11.161908748914
			3	-1.430122335091
			4	0.1008354936006
			5	-1.700113594313
	1.71109887816952	2.12823275724967
			0	194.76614821718
			1	-115.2211130303
			2	17.316195463233
			3	-2.234155573904
			4	0.5387747524508
			5	-0.121485193356
			6	2.2922142226292
			7	-4.385664003873
