X40534
	2.74877887806274	3.5728324489042
			0	11.575690445220
			1	-10.55926577675
			2	3.1696294683932
			3	-0.638659808328
			4	0.0544343466144
			5	8.8005714720064
	2.15013143498047	2.82502015812179
			0	64.418281948675
			1	-53.15381658166
			2	10.991477235814
			3	-1.344407768688
			4	0.0828423848432
			5	-1.025447069407
	1.77885149208609	2.27290282082294
			0	194.60997048656
			1	-115.2486612072
			2	17.425191770935
			3	-2.203930474874
			4	0.4100069510305
			5	-0.127863847902
			6	8.1086842006371
			7	2.1793672978215
