X40542
	2.73921708236067	3.55879145288449
			0	11.557658038073
			1	-10.56084991752
			2	3.1801774785306
			3	-0.640346985731
			4	5.2890532871329
			5	8.3973419405160
	2.14396848162068	2.81461886534859
			0	64.443163855959
			1	-53.15391627511
			2	10.973535919627
			3	-1.347951272542
			4	9.0891660524937
			5	-1.254604423314
	1.77174346085118	2.26551871353271
			0	194.88482619321
			1	-115.2078665111
			2	17.171051988859
			3	-2.230304314879
			4	0.5242794216826
			5	-0.151202352781
			6	4.4727238771912
			7	3.3301688771199
