X40613
	2.67361415741254	3.4442319458831
			0	11.584327545215
			1	-10.57392405460
			2	3.1593723017604
			3	-0.627792150255
			4	4.9768645063940
			5	9.6875156576345
	2.10672892577024	2.7453271558178
			0	64.507030852964
			1	-53.20284069752
			2	10.917033450636
			3	-1.299607212925
			4	7.0533332522551
			5	-6.681256970167
	1.74994197716992	2.22305950629341
			0	194.93020037876
			1	-115.1863666153
			2	17.079393248876
			3	-2.112903382596
			4	0.4440181762433
			5	-0.206331329946
			6	8.3336875784799
			7	-2.555659436463
