X40730
	2.71156180440814	3.61882205616041
			0	11.541805532245
			1	-10.52598688094
			2	3.1741761981856
			3	-0.664066909992
			4	7.3512819300126
			5	5.7089102247736
	2.10051600940509	2.79378446372247
			0	63.756319262677
			1	-52.93604105778
			2	11.650540207754
			3	-1.576417136462
			4	9.9332202128891
			5	6.1230742451559
	1.74066422205067	2.22135898894009
			0	194.19372830386
			1	-114.9894370356
			2	17.788778467021
			3	-2.320287342727
			4	0.4860054521712
			5	-0.219871077931
			6	0.1059715849529
			7	-2.886031172662
