X40897
	2.63060410993382	3.3711481217157
			0	11.597386310252
			1	-10.58367054285
			2	3.1474615226866
			3	-0.620046085943
			4	4.8428744241914
			5	8.5795950652711
	2.08035327161295	2.6997068890348
			0	64.539244220853
			1	-53.18242477815
			2	10.865392399960
			3	-1.295999683140
			4	7.1415570459004
			5	-7.200859004120
	1.73306591330923	2.19318002304288
			0	194.93697915409
			1	-115.0920556975
			2	17.019279079036
			3	-2.152183820684
			4	0.5181996156426
			5	-0.226188614872
			6	9.0946052250476
			7	-0.086501374596
