X40915
	2.61866221516141	3.3524998289658
			0	11.614553173665
			1	-10.58502816460
			2	3.1326062257080
			3	-0.616803823361
			4	4.6880464084803
			5	6.4807819457840
	2.07120995053731	2.68725471621961
			0	64.566003403944
			1	-53.21347599875
			2	10.874049170606
			3	-1.290146237287
			4	5.8155137924833
			5	3.8381937096861
	1.72664205288602	2.18421938295824
			0	194.51712542741
			1	-114.8223831330
			2	17.113699215643
			3	-2.215982140865
			4	0.5293133011433
			5	-0.243024728350
			6	0.1744927177790
			7	-9.371975273497
