X40950
	2.73272242048174	3.53236083692052
			0	11.560764114294
			1	-10.56331482934
			2	3.1793790792780
			3	-0.639766242575
			4	5.3671098557765
			5	9.5018208690024
	2.14986157785107	2.80638038856661
			0	64.504219145068
			1	-53.19546215558
			2	10.931719611829
			3	-1.308276315625
			4	6.7009327948313
			5	-1.195122865852
	1.78507808484602	2.26949940149066
			0	194.84267869702
			1	-115.2160080085
			2	17.227649939956
			3	-2.170283038202
			4	0.4859257788740
			5	-0.176738566805
			6	4.3476755283114
			7	-0.004712233563
