X40909
	2.63468199527472	3.37645674486097
			0	11.596422608637
			1	-10.58346859142
			2	3.1475067704032
			3	-0.617937594039
			4	0.0476526341507
			5	8.7575860135066
	2.08324515596588	2.70394834261381
			0	64.556558037985
			1	-53.19716773968
			2	10.850526030490
			3	-1.282636658621
			4	6.8985669733498
			5	-1.144340375617
	1.73537163397707	2.19703888529277
			0	194.88440253724
			1	-115.2633773169
			2	17.080109200327
			3	-2.105867170500
			4	0.4904619509137
			5	-0.143959921131
			6	8.3788353440225
			7	-4.661139836631
