X40914
	2.61876699652108	3.34842414132377
			0	11.620838995022
			1	-10.59012209889
			2	3.1309774443551
			3	-0.614505773773
			4	4.4950171592870
			5	7.8628439004123
	2.07357447792362	2.68718529566541
			0	64.564451714788
			1	-53.19664891213
			2	10.85568421612
			3	-1.295702968623
			4	7.3338415857903
			5	-1.231055579704
	1.72772754078984	2.18615211827964
			0	194.94860326853
			1	-115.2930969133
			2	17.045578575935
			3	-2.154076218016
			4	0.4708784580382
			5	-0.128098518785
			6	7.5327694759286
			7	0.0149677969575
