X40941
	2.76988021813755	3.61873314178264
			0	11.542687666654
			1	-10.55183072339
			2	3.1936943476104
			3	-0.650008900083
			4	0.0572440441170
			5	8.0663621425339
	2.16011440826722	2.84772305074664
			0	64.378082446613
			1	-53.12947215381
			2	11.013629166633
			3	-1.345813440449
			4	8.3589351675932
			5	-0.014354038540
	1.78404677284059	2.28448271070738
			0	194.55013616646
			1	-115.0780397734
			2	17.412607292534
			3	-2.257412107216
			4	0.5458035650780
			5	-0.193341034630
			6	6.2785141561924
			7	-4.794978685777
