X40938
	2.77939482214615	3.62585868440608
			0	11.544383396703
			1	-10.55471951114
			2	3.1951872175697
			3	-0.650098100246
			4	5.5710083266849
			5	9.7550335246008
	2.17002824871325	2.85697977246414
			0	64.446565046337
			1	-53.17980096589
			2	10.983219041017
			3	-1.317577750396
			4	7.0459515213752
			5	-2.075385900253
	1.79178493471091	2.29514438624882
			0	194.67126614087
			1	-115.2012047292
			2	17.302958020124
			3	-2.116559438217
			4	0.4626501200677
			5	-0.178886362312
			6	4.7190914870368
			7	2.1994801638591
