X40947
	2.74529842689525	3.56272402852223
			0	11.549853309030
			1	-10.55629226801
			2	3.1874853244152
			3	-0.645632822940
			4	5.5836897073017
			5	9.0038957821724
	2.15223977408708	2.82034852966189
			0	64.451387612208
			1	-53.14166441687
			2	10.930023273269
			3	-1.318702115005
			4	0.0868227466750
			5	-2.919754183028
	1.77994991506318	2.27353370328529
			0	194.89375649798
			1	-115.2575766773
			2	17.196289267555
			3	-2.147939909290
			4	0.4441498843382
			5	-0.133153261049
			6	1.8470154013408
			7	2.3506783007334
