X40908
	2.61897808114162	3.35540044393884
			0	11.597297324863
			1	-10.58304240920
			2	3.1453494935851
			3	-0.618300585837
			4	4.8454311448701
			5	9.0064072223997
	2.07231784963862	2.68768732051789
			0	64.524680104925
			1	-53.17569279649
			2	10.875243961669
			3	-1.296514945287
			4	6.8139236944560
			5	-0.012013699148
	1.73037968057055	2.18448737802266
			0	194.59947960895
			1	-114.9237803366
			2	17.229856432050
			3	-2.215846397745
			4	0.5384974498117
			5	-0.208787103123
			6	9.9602809814993
			7	-9.553903772505
