X41199
	2.72308090060136	3.59763424223758
			0	11.554275725294
			1	-10.55648718556
			2	3.1797271016978
			3	-0.642439415116
			4	5.9299551212373
			5	7.6621033016373
	2.10860655707572	2.80346678473868
			0	64.113281506724
			1	-53.07940336351
			2	11.329408123874
			3	-1.448651267208
			4	7.2650733755757
			5	1.0502176735821
	1.73986130331486	2.23239797233152
			0	194.32560601088
			1	-115.1254614550
			2	17.769611899120
			3	-2.312185691394
			4	0.4958882260131
			5	-0.244827150591
			6	6.6588392846405
			7	3.3535373187710
