X41246
	2.5929943935323	3.35599344077891
			0	11.613354194709
			1	-10.58294953890
			2	3.1326346885810
			3	-0.618884713700
			4	5.0340634549121
			5	8.3455846804175
	2.03824594328979	2.66428569858326
			0	64.269627331984
			1	-53.06990120106
			2	11.111005934283
			3	-1.400520645931
			4	0.0933046414765
			5	-1.383873682973
	1.70107582246083	2.15094699654564
			0	194.12734389776
			1	-114.9603493738
			2	17.799276987805
			3	-2.426654798317
			4	0.5344926336738
			5	-0.200515987935
			6	0.1278537866336
			7	-5.333845939703
