X41291
	2.61712757915557	3.409656452162
			0	11.596092618978
			1	-10.57951785895
			2	3.1455424120271
			3	-0.622829294960
			4	5.2017247551632
			5	6.0584873268376
	2.04469040465838	2.69089774049803
			0	64.233694844573
			1	-53.08388273510
			2	11.185194102402
			3	-1.421303974633
			4	7.5416286165117
			5	2.0820615670093
	1.69991573583337	2.16054988993466
			0	193.98779461202
			1	-114.6720454143
			2	17.668849100447
			3	-2.345769884174
			4	0.6015776590169
			5	-0.290322359920
			6	0.15179513688
			7	-0.139941641659
