X41212
	2.69543550397933	3.542205946479
			0	11.601967408551
			1	-10.55252996050
			2	3.1458532150841
			3	-0.640191364397
			4	5.3227823660162
			5	2.5426024367190
	2.09464935195863	2.77364116599666
			0	64.087367636173
			1	-53.00892305793
			2	11.306040902166
			3	-1.476861773605
			4	0.1013589474967
			5	-7.246991093316
	1.73420764982116	2.21536355164825
			0	194.08454802938
			1	-114.9093133374
			2	17.787984786733
			3	-2.337667617256
			4	0.4762902329924
			5	-0.191973596136
			6	9.3939216225635
			7	4.0323513488339
