X41267
	2.66505083767643	3.49293685268315
			0	11.562872422708
			1	-10.55823138046
			2	3.1718668119470
			3	-0.643532895398
			4	5.8857117419120
			5	6.4624713697152
	2.07948959421421	2.74117324998072
			0	64.082327278399
			1	-52.98495319812
			2	11.276979024421
			3	-1.482489834855
			4	0.1138158416370
			5	-2.254446565862
	1.72880326736144	2.19670795992416
			0	194.03224952479
			1	-114.7227524916
			2	17.774118845096
			3	-2.425265846881
			4	0.5975491890101
			5	-0.228374589725
			6	0.1008270354347
			7	-0.125427684423
