X41262
	2.65641175870162	3.48228245385
			0	11.564263541676
			1	-10.56049111341
			2	3.1733867320694
			3	-0.642782394892
			4	5.7338862499666
			5	7.9510169768708
	2.07279773380345	2.73237947612512
			0	64.117371388824
			1	-53.02318769584
			2	11.279471229216
			3	-1.469156368968
			4	9.8472712954118
			5	-1.963343450095
	1.72179141353298	2.19045451609316
			0	194.14345299173
			1	-114.9846209011
			2	17.824639629142
			3	-2.418970053327
			4	0.5306867866040
			5	-0.149008271905
			6	6.4409555059510
			7	-8.349517755987
