X41274
	2.83174494944785	3.79253336896998
			0	11.543463927933
			1	-10.52767269699
			2	3.1854629495924
			3	-0.668063351239
			4	6.4008341201005
			5	3.1477016040023
	2.17165816022899	2.91911101902152
			0	63.881639345507
			1	-52.92162375106
			2	11.466679207536
			3	-1.541907894392
			4	0.1177664132852
			5	-2.871002391521
	1.78232281690147	2.30292898143984
			0	193.98569321096
			1	-114.9433110994
			2	17.893142569222
			3	-2.397165477031
			4	0.5902610776962
			5	-0.218575188424
			6	9.0659497864053
			7	-6.988026898089
