X41204
	2.55301481993993	3.29974179798183
			0	11.599110721986
			1	-10.58350382947
			2	3.1434501516673
			3	-0.617796538359
			4	5.1788970678462
			5	8.8934771143270
	2.01121266935292	2.6225930204698
			0	64.307706433526
			1	-53.12409714149
			2	11.123034440814
			3	-1.380522960033
			4	7.5229695950697
			5	7.1763723580093
	1.67997342021828	2.12126538923987
			0	194.46517749917
			1	-115.0099071367
			2	17.484558640235
			3	-2.252973980512
			4	0.5428939178275
			5	-0.286889690127
			6	2.2872960458391
			7	3.0736611299777
