X41261
	2.85101530825588	3.82998038522209
			0	11.503288072006
			1	-10.52280507825
			2	3.2223592224431
			3	-0.678063279172
			4	0.0689791762340
			5	5.9030574196858
	2.18464112922348	2.93914192645674
			0	63.929918777184
			1	-52.95720578966
			2	11.458021605488
			3	-1.533552319162
			4	0.1051962814774
			5	-1.157106282440
	1.7922976055194	2.31765933676332
			0	193.86576976476
			1	-114.8432264183
			2	17.988589430852
			3	-2.377440220332
			4	0.5279290380775
			5	-0.210619370980
			6	8.7811828393856
			7	-7.877164512006
