X41257
	2.57547238783471	3.33286379753791
			0	11.59633381953
			1	-10.57663221156
			2	3.1403250015929
			3	-0.619284445597
			4	5.1012493431441
			5	7.0489063463098
	2.02585281369755	2.6459554167294
			0	64.245726468150
			1	-53.05796974837
			2	11.136149140865
			3	-1.431058220250
			4	0.1093301755917
			5	-1.433757436926
	1.69188159014894	2.13695866643409
			0	194.18964956638
			1	-114.8567324133
			2	17.648004679885
			3	-2.361879872895
			4	0.4910745283247
			5	-0.143334902144
			6	8.0098758262393
			7	-7.369334162687
