X41250
	2.66098534759806	3.48422825459725
			0	11.581262875002
			1	-10.56410190773
			2	3.1574985633936
			3	-0.640100982525
			4	5.4414455442523
			5	5.2731523565350
	2.07578535646642	2.73704158376959
			0	64.142971562484
			1	-53.04333336324
			2	11.264769436201
			3	-1.460846596880
			4	9.2459700584076
			5	-3.163493565789
	1.72394904248552	2.19334149654831
			0	194.26562887309
			1	-114.9701407049
			2	17.756737893319
			3	-2.317302928370
			4	0.4283352615405
			5	-0.163158795927
			6	5.3641026061910
			7	-1.736518452313
