X41286
	2.71925772419802	3.58431275175651
			0	11.574049785319
			1	-10.55859045749
			2	3.1638592861228
			3	-0.645927522606
			4	5.6969361720130
			5	4.1442519859438
	2.10811954201775	2.79900558615931
			0	64.093222461531
			1	-53.02342210030
			2	11.312615254542
			3	-1.485116251646
			4	0.1004818489045
			5	-5.512621601286
	1.74471986861863	2.2304001499242
			0	193.94748125212
			1	-114.7034167191
			2	17.871469564817
			3	-2.394211596228
			4	0.4744327097100
			5	-0.242788928043
			6	0.1298871296516
			7	-4.132828140611
