X41205
	2.69798868515892	3.54993361178188
			0	11.557296565834
			1	-10.55721763115
			2	3.1764047290841
			3	-0.641179187472
			4	5.9168067517946
			5	7.3859054413715
	2.09638767705397	2.77640697693895
			0	64.157370987591
			1	-53.10235000160
			2	11.290992061161
			3	-1.425439180133
			4	6.3199178893238
			5	0.0146234666736
	1.73517573548694	2.21785969639155
			0	194.34673108051
			1	-115.1398668076
			2	17.752488731409
			3	-2.272258086469
			4	0.4859960521657
			5	-0.236536023892
			6	5.5733889178761
			7	4.1605997794897
