X41273
	2.83444429991931	3.79509194075093
			0	11.527224085004
			1	-10.51628397670
			2	3.1982685183972
			3	-0.678764906683
			4	6.7331439680161
			5	2.4161099284214
	2.18020727623639	2.92123285602931
			0	63.857677233790
			1	-52.91658042749
			2	11.495211004897
			3	-1.552274209538
			4	0.1187236821850
			5	-2.914069574008
	1.79553731067546	2.31018205185901
			0	193.86452245845
			1	-114.8515272026
			2	17.952981780385
			3	-2.447560850038
			4	0.5847834707034
			5	-0.194613047845
			6	7.8396238226875
			7	-0.065942245663
