X41217
	2.61189411460773	3.40480553956901
			0	11.572841717277
			1	-10.56805754691
			2	3.1651616847442
			3	-0.632569332904
			4	5.6538224149324
			5	8.2536529070044
	2.04741050966864	2.68517523732643
			0	64.176373258511
			1	-53.06597234795
			2	11.233021941125
			3	-1.431980711837
			4	9.2458584042299
			5	-2.052879907957
	1.70490532693323	2.1611745933008
			0	194.37592358737
			1	-114.9692758328
			2	17.544544987003
			3	-2.304539039098
			4	0.5579292430268
			5	-0.330502736893
			6	0.1089885509607
			7	3.2726737035939
