X41245
	2.69399108490725	3.55154478825727
			0	11.544514037427
			1	-10.54684976522
			2	3.1860372697804
			3	-0.652867004605
			4	6.2947936185901
			5	6.1529846778646
	2.09434047125274	2.77238304648647
			0	64.063657173401
			1	-53.02792944815
			2	11.360124579623
			3	-1.501103294629
			4	0.1056814394410
			5	-2.433643914916
	1.73578934077432	2.2143047235857
			0	194.07028625019
			1	-114.7346772452
			2	17.683868032559
			3	-2.378741551236
			4	0.5374040937213
			5	-0.254017320881
			6	4.7123786668536
			7	1.2263287661652
