X41214
	2.61045825438396	3.39405470314229
			0	11.586578741000
			1	-10.57179239052
			2	3.1508243625492
			3	-0.628450302066
			4	5.5412853547011
			5	5.9968561479041
	2.04602190407765	2.68315102219824
			0	64.252062998158
			1	-53.12248458347
			2	11.217063725953
			3	-1.438003096671
			4	8.6483706259745
			5	1.3283425864998
	1.70340058299981	2.16047639456922
			0	194.30973018170
			1	-115.0128344652
			2	17.640998762892
			3	-2.381515876217
			4	0.4973088232783
			5	-0.155607301907
			6	0.1049134834139
			7	1.7148356180331
