X41237
	2.61820378691992	3.40777588245395
			0	11.608978296355
			1	-10.58403641333
			2	3.1330341668256
			3	-0.618963617236
			4	4.9634597070628
			5	6.5823788562272
	2.04427341859296	2.69191518251436
			0	64.293289604962
			1	-53.12122524080
			2	11.152302930746
			3	-1.406789991079
			4	0.0784539984457
			5	7.2664122906305
	1.69553893654414	2.16029279688919
			0	194.46331775132
			1	-115.0013507425
			2	17.615512511696
			3	-2.356767874394
			4	0.5092402004463
			5	-0.168930296684
			6	-2.068577974004
			7	-3.382787110744
