X41206
	2.68963530986362	3.53383542924429
			0	11.597903193923
			1	-10.54507057657
			2	3.1477881349454
			3	-0.644798981557
			4	5.4222810530900
			5	1.4606818329822
	2.09246936176082	2.76742506748176
			0	64.097646027470
			1	-53.03723839567
			2	11.320594449641
			3	-1.465813067688
			4	0.0851673325638
			5	4.7360397382031
	1.73535014698118	2.21264952259885
			0	194.08287930251
			1	-114.9099994019
			2	17.749266095563
			3	-2.287545913213
			4	0.5196323785302
			5	-0.263630924773
			6	0.1735789870891
			7	-4.412827293165
