X41213
	2.67411645427979	3.50663990927768
			0	11.564856507094
			1	-10.56202699812
			2	3.1706573907516
			3	-0.637178560505
			4	0.0577956130533
			5	7.8104108876418
	2.08369557284145	2.75094086172608
			0	64.163469455578
			1	-53.09003103346
			2	11.272467382904
			3	-1.432023401595
			4	7.3872528954641
			5	5.8170070873552
	1.72839120279334	2.20264791955963
			0	194.24753482522
			1	-114.9356953425
			2	17.725955598295
			3	-2.345727717185
			4	0.5210009184919
			5	-0.308236105499
			6	0.0929283146943
			7	1.8259306833374
