X41242
	2.53812769954325	3.259442623471
			0	11.616012076226
			1	-10.58838824430
			2	3.1252271082797
			3	-0.611317751134
			4	5.0372427729063
			5	7.0408211178283
	2.0098361930578	2.60574489403601
			0	64.264893857405
			1	-53.07841170690
			2	11.150359843998
			3	-1.442301994219
			4	0.1108480149083
			5	-0.012778837339
	1.69015255976831	2.1164234949876
			0	194.02393261561
			1	-114.6971917465
			2	17.768764023169
			3	-2.525313596188
			4	0.5877102424866
			5	-0.312873158598
			6	0.1741959652950
			7	-1.423833696824
