X41260
	2.56530082977885	3.31141433252843
			0	11.611621650172
			1	-10.58727461752
			2	3.1313666529520
			3	-0.613389096627
			4	4.8979229755557
			5	7.0604478064389
	2.01977176722993	2.63503995669334
			0	64.310819762866
			1	-53.09648556758
			2	11.093945436707
			3	-1.396604428976
			4	9.1931849568837
			5	-1.536007784869
	1.68653948050983	2.13035242667194
			0	194.36568760936
			1	-114.9409832838
			2	17.542386929970
			3	-2.369514853093
			4	0.5434665806021
			5	-0.156220904698
			6	0.0396785789766
			7	-5.033687569594
