X41269
	2.83513956839998	3.80164966783743
			0	11.517124894769
			1	-10.52937373559
			2	3.2097524062806
			3	-0.671550092048
			4	6.7147309028227
			5	6.2220153485957
	2.17396392074312	2.92264722605372
			0	63.913730658213
			1	-52.93708550110
			2	11.454069163603
			3	-1.546097862934
			4	0.1151177673500
			5	-4.249908365436
	1.78328691494602	2.3060828403002
			0	193.84939534023
			1	-114.9170306275
			2	18.023500661674
			3	-2.413838736922
			4	0.5270139321765
			5	-0.224958227995
			6	0.1650476067066
			7	-2.860178274712
