X41202
	2.59357332648636	3.36959449731347
			0	11.584517916394
			1	-10.57074191539
			2	3.1531475028958
			3	-0.629947862437
			4	5.5374377098279
			5	5.9659497186318
	2.03551710864467	2.66554468886049
			0	64.244253156574
			1	-53.11557792566
			2	11.211233740382
			3	-1.429078387378
			4	7.9795005491849
			5	1.6649840756295
	1.69742211625453	2.14890818821756
			0	194.29928985320
			1	-115.1151958526
			2	17.731530537335
			3	-2.368083609064
			4	0.4996127403429
			5	-0.122245824897
			6	6.6846157353640
			7	2.2806310738955
