X41203
	2.82638288691301	3.78929799104066
			0	11.496493897886
			1	-10.52017054397
			2	3.2266019556118
			3	-0.677545358878
			4	7.0988817309553
			5	6.0078563591087
	2.17389458149915	2.91311482277387
			0	63.916478074366
			1	-52.99163534621
			2	11.496023752488
			3	-1.521395119359
			4	9.2276937061534
			5	3.3010200767994
	1.788331731334	2.30402246119865
			0	194.04175000730
			1	-114.8732253759
			2	17.812874071409
			3	-2.315218025172
			4	0.5268985393442
			5	-0.254506640443
			6	7.9070396064605
			7	-1.272777923231
