X41276
	2.67463142727838	3.51262639615775
			0	11.558116136922
			1	-10.55306424148
			2	3.1731083729390
			3	-0.644034333530
			4	5.9137939644064
			5	6.7837584701815
	2.08319893753664	2.75164985935057
			0	64.032257742980
			1	-52.94113884837
			2	11.281046377523
			3	-1.489653037646
			4	0.1141799825448
			5	-2.066192053509
	1.72820219897287	2.20161064091663
			0	194.18500423524
			1	-114.9648999455
			2	17.784455988602
			3	-2.416296324531
			4	0.5753042006379
			5	-8.573486959375
			6	0.0454547676105
			7	-7.959613444269
