X41255
	2.67877748540055	3.4792000584536
			0	11.809937550775
			1	-10.54358539533
			2	3.0079989432765
			3	-0.598410545417
			4	2.2676480524646
			5	-0.011598989627
	2.08291965781334	2.75600922997623
			0	64.106568596005
			1	-52.97925742235
			2	11.233658594519
			3	-1.473357863705
			4	0.1199653875368
			5	-3.063412219962
	1.72699829364156	2.20270886847748
			0	193.82230955136
			1	-114.7583342135
			2	17.981501764009
			3	-2.459848503213
			4	0.5373923152122
			5	-0.162060487970
			6	0.1196527331625
			7	-8.734861751945
