X41216
	2.73346200770011	3.60939783315217
			0	11.558380420734
			1	-10.55933319890
			2	3.1751648061049
			3	-0.638500216750
			4	5.8822876313014
			5	6.9453549399696
	2.1147367179649	2.81396653892503
			0	64.123293797520
			1	-53.03803890922
			2	11.270606136055
			3	-1.442209733188
			4	8.6087243946920
			5	1.4321094624566
	1.74346241307364	2.23911713729658
			0	194.12781954826
			1	-114.8108968757
			2	17.718799630701
			3	-2.326778236228
			4	0.5885623098912
			5	-0.328222096984
			6	4.9277155018194
			7	-6.826949481237
