X41268
	2.66261045811475	3.49378571442895
			0	11.560028005305
			1	-10.55554138388
			2	3.1738411864287
			3	-0.644212805071
			4	5.9352738820802
			5	7.1011563105009
	2.07501880835013	2.73894087706994
			0	64.145659388104
			1	-53.05470868217
			2	11.275123129359
			3	-1.455352148860
			4	8.9296420906155
			5	4.5268397714122
	1.72176034292274	2.19340393245875
			0	194.19839847671
			1	-114.9381766076
			2	17.688513085534
			3	-2.278018461452
			4	0.4668275029725
			5	-0.214637826907
			6	0.1240269329852
			7	-1.604902922325
