X41279
	2.81979234673007	3.77650816111245
			0	11.519869346260
			1	-10.52871169419
			2	3.2041536804738
			3	-0.670795998855
			4	6.6691203925357
			5	4.1308215433988
	2.16449180778751	2.90635477319795
			0	63.937200922432
			1	-52.96991833191
			2	11.461231623693
			3	-1.532596325727
			4	0.1002045843165
			5	2.7763124183334
	1.77949771770985	2.29488814656401
			0	194.05628493344
			1	-114.9862778975
			2	18.011567917385
			3	-2.391177168147
			4	0.5273375177665
			5	-0.141077695242
			6	-3.085992301644
			7	-9.851320043365
