X41243
	2.6178304868297	3.41108277811002
			0	11.596215069346
			1	-10.57907513145
			2	3.1440686467811
			3	-0.621977555631
			4	5.3191401943622
			5	7.1671925121926
	2.04520315958348	2.69171787294949
			0	64.222592407797
			1	-53.08660173268
			2	11.210642039383
			3	-1.446103087591
			4	0.1004317319089
			5	-3.428260733219
	1.69912597490328	2.16062421294057
			0	194.23318707875
			1	-114.8788136661
			2	17.701645669037
			3	-2.454823212572
			4	0.5582645064290
			5	-0.231825625277
			6	0.0672422917149
			7	-0.023876520401
