X41285
	2.55888207370727	3.2799765125717
			0	11.827275603435
			1	-10.56168258656
			2	2.9815257238869
			3	-0.598729309957
			4	1.4826107356549
			5	-1.301406044446
	2.01501285203685	2.62895348299464
			0	64.263311553452
			1	-53.09348268257
			2	11.143931713804
			3	-1.405480717685
			4	8.4200294215927
			5	-1.282546209734
	1.68238346659446	2.12508367991667
			0	194.57920459066
			1	-115.2275657437
			2	17.655366199715
			3	-2.267380898701
			4	0.4052991447311
			5	-0.171515314676
			6	7.2147992303060
			7	4.7524975339449
