X41208
	2.68094737395152	3.51914926233052
			0	11.552413420622
			1	-10.54637799246
			2	3.1766222673734
			3	-0.649254669854
			4	6.1368397602048
			5	5.6040075693611
	2.09306955377171	2.75769890429791
			0	64.008099991025
			1	-52.97570094709
			2	11.375360668664
			3	-1.525900327002
			4	0.1178076271142
			5	-0.011487707749
	1.74960763096985	2.21023820939803
			0	193.53537828381
			1	-114.6879163325
			2	18.394125232165
			3	-2.632912214949
			4	0.5255326820931
			5	-0.206603276941
			6	9.1288240365555
			7	2.3076636601143
