X41295
	2.67508330862386	3.50260666499975
			0	11.586142579146
			1	-10.57170678146
			2	3.1506953353554
			3	-0.626680100875
			4	5.1852322847420
			5	6.4985612596068
	2.08031732082998	2.75185525526736
			0	64.188325465244
			1	-53.05412992003
			2	11.218661456756
			3	-1.455946521794
			4	9.9985517461345
			5	-6.829730462088
	1.72101348527265	2.20026065509042
			0	194.25775215626
			1	-115.0006182688
			2	17.687104715699
			3	-2.402456635196
			4	0.5373915681133
			5	-0.183531865449
			6	9.2658107866126
			7	1.6120013083003
