X41270
	2.82783853572069	3.79356330103406
			0	11.504566390593
			1	-10.52034730337
			2	3.2192255694277
			3	-0.679792881907
			4	7.0353293253485
			5	5.3279928847396
	2.17367121234252	2.91482999222781
			0	63.850430665799
			1	-52.91253398118
			2	11.515591074136
			3	-1.572597256406
			4	0.1190448710839
			5	-1.606715664810
	1.78844519867607	2.30379479803502
			0	193.82564313347
			1	-114.8461001727
			2	18.007612291407
			3	-2.422289225157
			4	0.5268963850559
			5	-0.257096176162
			6	0.1566135601488
			7	9.7239201748983
