X41326
	2.80829349454358	3.75779708534146
			0	11.508415238753
			1	-10.52056910160
			2	3.2112175450783
			3	-0.674956065095
			4	6.9833895775388
			5	3.7488992962093
	2.15998348326504	2.89395590320257
			0	63.906851630489
			1	-52.94988345631
			2	11.473883581534
			3	-1.547640440093
			4	0.1189328494235
			5	-1.828398617711
	1.77807538698854	2.28881808723113
			0	193.83683314348
			1	-114.7724244899
			2	17.999399739023
			3	-2.406265069274
			4	0.4644537168735
			5	-0.247868983739
			6	0.1818890444647
			7	-6.673355187016
