X41311
	2.8303196371296	3.7948691070345
			0	11.497106617507
			1	-10.51568128675
			2	3.2232677829158
			3	-0.680200925952
			4	7.0687801337295
			5	5.4105700463593
	2.1761634328011	2.91714836427583
			0	63.831102626094
			1	-52.87616262844
			2	11.483655396362
			3	-1.571266809718
			4	0.1281663859284
			5	-1.449173739212
	1.78913081522049	2.30569284432441
			0	194.16713551671
			1	-115.0028138702
			2	17.875248529980
			3	-2.414875927893
			4	0.5790258426350
			5	-0.147186467435
			6	5.3218322373915
			7	-7.575460389960
