X41302
	2.83688242019718	3.80304293860907
			0	11.512564615516
			1	-10.52789325087
			2	3.2104966431528
			3	-0.671460980892
			4	6.8196229907358
			5	4.7801436680778
	2.17620390043533	2.92420973133321
			0	63.889808334586
			1	-52.91868663237
			2	11.464578614894
			3	-1.550166715292
			4	0.1127653794914
			5	-7.145843276109
	1.78600424743714	2.3076223286437
			0	193.98429490687
			1	-114.9054798818
			2	17.939197385321
			3	-2.372556866540
			4	0.5336029605277
			5	-0.156116052850
			6	4.4194403010178
			7	-0.029342067968
