X41303
	2.73976900604714	3.62659591503287
			0	11.548372700099
			1	-10.54937973392
			2	3.1828477649392
			3	-0.649613652842
			4	6.0464455370478
			5	5.9761193551606
	2.11864692223884	2.82080493273253
			0	64.070242365030
			1	-53.01630415541
			2	11.346169158625
			3	-1.501251587176
			4	0.1049279742325
			5	8.0806306891543
	1.74856918576081	2.24306715784943
			0	194.16091383525
			1	-114.9745612115
			2	17.867773769587
			3	-2.454564832838
			4	0.5725873035378
			5	-0.194537000791
			6	0.1106219056172
			7	-4.494527382335
