X41334
	2.65915939348618	3.48628093962072
			0	11.562558082887
			1	-10.56070517371
			2	3.1761295160313
			3	-0.643582901206
			4	5.8004891692516
			5	8.0612684654734
	2.07599037224375	2.73526304586384
			0	64.194563942526
			1	-53.19036419460
			2	11.427779644572
			3	-1.486567911893
			4	1.2265519498755
			5	0.1721747466253
	1.72297579484375	2.19247969356969
			0	194.73039838968
			1	-114.7781576284
			2	17.680558550079
			3	-2.424327716594
			4	0.1805923049476
			5	-0.468741815818
			6	-0.151109213534
			7	-3.027196061113
