X41319
	2.83528662296237	3.80805712978545
			0	11.497121976684
			1	-10.52062432654
			2	3.2228296859119
			3	-0.681470129091
			4	7.0936560617884
			5	4.6739932797958
	2.17647457187549	2.92281823766662
			0	63.882765125720
			1	-52.94235043699
			2	11.496933314778
			3	-1.552465219241
			4	0.1194527894196
			5	-1.220970696753
	1.78891783695243	2.30724045636877
			0	194.10689995656
			1	-115.0786193091
			2	18.012854521677
			3	-2.344036300958
			4	0.4413810376284
			5	-0.158844144072
			6	9.4210819248033
			7	-8.157322752017
