X41314
	2.71359327476855	3.58419007834662
			0	11.544116155912
			1	-10.54358823284
			2	3.1855435760480
			3	-0.656171969108
			4	6.3398839775278
			5	4.8232974573741
	2.10596988479131	2.79319074926785
			0	64.034186812365
			1	-53.00558456388
			2	11.364904720720
			3	-1.500398324055
			4	9.8486375022239
			5	2.6084226665173
	1.74440877954568	2.22757418284397
			0	194.08470491323
			1	-114.8721839507
			2	17.818279171786
			3	-2.375228661298
			4	0.5458551198566
			5	-0.215813377321
			6	7.9474783481538
			7	-7.925306075685
