X41329
	2.55505597733535	3.29061740637136
			0	11.632323870728
			1	-10.58963565062
			2	3.1161577130515
			3	-0.613218019791
			4	4.5776254837020
			5	7.4405207998224
	2.01583290371398	2.6242580490788
			0	64.285677865849
			1	-53.07679311094
			2	11.084836311212
			3	-1.383353233737
			4	7.9115866966162
			5	-4.319034983927
	1.68597252493569	2.12501441668475
			0	194.42769788192
			1	-115.0777754842
			2	17.739042976158
			3	-2.391028594081
			4	0.5084679269498
			5	-0.192721410063
			6	0.1151152315283
			7	-4.230270018527
