X41335
	2.6718619350019	3.51017424196288
			0	11.555942835214
			1	-10.55602672854
			2	3.1803810712961
			3	-0.646766738852
			4	5.8988291263248
			5	7.5569325991571
	2.08360548384034	2.74886069326839
			0	64.155812925032
			1	-53.17108838579
			2	11.453636395108
			3	-1.503014576331
			4	2.3981014684239
			5	0.1630003499813
	1.72876896385122	2.2007410355243
			0	194.51897795318
			1	-114.5511784533
			2	17.735957054434
			3	-2.528451390603
			4	0.2216799621701
			5	-0.476321565247
			6	-0.131431559420
			7	-5.687486631028
