X41313
	2.59032058040311	3.35578944674101
			0	11.593423750375
			1	-10.57698358380
			2	3.1474147164775
			3	-0.624327581313
			4	0.0521719443059
			5	7.1863861491882
	2.03630057558984	2.66152410081581
			0	64.263170693727
			1	-53.07367911528
			2	11.125512904961
			3	-1.404940229816
			4	8.6659799855041
			5	-5.747699302816
	1.69753908133583	2.14860391944017
			0	194.50401975054
			1	-115.1472385326
			2	17.599871441699
			3	-2.371809662257
			4	0.5549874235368
			5	-0.128067937134
			6	-4.066430365727
			7	-1.077582696390
