X41308
	2.70106313306663	3.55495549566785
			0	11.570449711279
			1	-10.56034196200
			2	3.1644100689211
			3	-0.639870973076
			4	0.0576059420398
			5	6.0018735341554
	2.09544253962495	2.77988766671064
			0	64.110127980618
			1	-53.02730166553
			2	11.283322995442
			3	-1.470944179660
			4	9.4854465905354
			5	2.0466228222982
	1.73270127618179	2.21727469547673
			0	194.20183122642
			1	-115.0733644557
			2	17.859725101698
			3	-2.359547707390
			4	0.4717407028060
			5	-0.108716250724
			6	-4.866104266038
			7	-7.919018291228
