X41305
	2.7087359425512	3.57910783465784
			0	11.542453382437
			1	-10.54609846462
			2	3.1884960821016
			3	-0.653908012150
			4	6.1706470799042
			5	6.4405532564425
	2.1013007995613	2.78817489258263
			0	64.082413266225
			1	-53.04545026404
			2	11.359476829832
			3	-1.493123515980
			4	9.2041712454856
			5	1.2696372341923
	1.73784494650591	2.22327840178026
			0	194.25500253341
			1	-114.9988332213
			2	17.734481290104
			3	-2.377494222497
			4	0.5264536418971
			5	-0.154726935349
			6	7.7135586783946
			7	-3.754623542139
