#Shot	max. Te (keV) - 2011 campaign
4918	--
4919	--
4920	--
4921	--
4922	--
4923	--
4924	--
4925	--
4926	--
4927	--
4928	--
4929	--
4930	--
4931	--
4932	--
4933	--
4934	--
4935	--
4936	--
4937	--
4938	--
4939	0.5 
4940	0.0 
4941	2.3 
4942	7.7 
4943	--
4944	--
4945	--
4946	0.3 
4947	0.0 
4948	--
4949	0.0 
4950	0.9 
4951	--
4952	0.0 
4953	3.6 
4954	0.0 
4955	0.0 
4956	0.4 
4957	--
4958	--
4959	--
4960	--
4961	--
4962	0.0 
4963	--
4964	--
4965	--
4966	--
4967	--
4968	--
4969	--
4970	--
4971	--
4972	0.0 
4973	--
4974	--
4975	--
4976	--
4977	--
4978	--
4979	--
4980	--
4981	0.2 
4982	4.7 
4983	0.3 
4984	--
4985	--
4986	--
4987	--
4988	--
4989	5.1 
4990	3.7 
4991	7.3 
4992	7.3 
4993	5.7 
4994	10.3 
4995	8.5 
4996	6.3 
4997	6.5 
4998	--
4999	6.4 
5000	20.3 
5001	16.4 
5002	17.3 
5003	18.8 
5004	7.9 
5005	--
5006	0.0 
5007	18.9 
5008	8.0 
5009	1.5 
5010	4.2 
5011	13.5 
5012	4.0 
5013	4.1 
5014	7.3 
5015	--
5016	--
5017	--
5018	--
5019	17.3 
5020	7.1 
5021	11.2 
5022	7.9 
5023	4.7 
5024	9.4 
5025	5.5 
5026	--
5027	5.5 
5028	--
5029	--
5030	--
5031	--
5032	--
5033	--
5034	5.6 
5035	5.5 
5036	4.7 
5037	4.7 
5038	5.4 
5039	5.2 
5040	5.0 
5041	5.0 
5042	3.7 
5043	5.1 
5044	--
5045	--
5046	--
5047	--
5048	--
5049	--
5050	--
5051	--
5052	--
5053	6.4 
5054	--
5055	--
5056	--
5057	8.2 
5058	7.9 
5059	4.4 
5060	7.1 
5061	6.1 
5062	6.3 
5063	5.6 
5064	2.8 
5065	6.5 
5066	6.5 
5067	--
5068	6.3 
5069	9.5 
5070	6.5 
5071	--
5072	--
5073	--
5074	6.2 
5075	6.5 
5076	5.9 
5077	--
5078	--
5079	--
5080	--
5081	--
5082	--
5083	--
5084	--
5085	5.4 
5086	13.7 
5087	6.6 
5088	4.2 
5089	2.4 
5090	2.4 
5091	2.3 
5092	1.3 
5093	1.1 
5094	2.3 
5095	2.3 
5096	2.0 
5097	6.1 
5098	6.4 
5099	7.5 
5100	--
5101	--
5102	--
5103	--
5104	--
5105	6.6 
5106	1.7 
5107	4.4 
5108	5.1 
5109	5.7 
5110	4.9 
5111	6.3 
5112	6.6 
5113	6.0 
5114	5.9 
5115	5.8 
5116	5.8 
5117	5.6 
5118	5.6 
5119	5.9 
5120	2.0 
5121	--
5122	--
5123	--
5124	--
5125	--
5126	2.3 
5127	2.4 
5128	2.2 
5129	1.7 
5130	2.6 
5131	2.9 
5132	1.9 
5133	2.3 
5134	2.2 
5135	2.1 
5136	2.2 
5137	1.5 
5138	2.1 
5139	2.1 
5140	--
5141	--
5142	2.1 
5143	2.3 
5144	2.3 
5145	2.0 
5146	3.3 
5147	3.2 
5148	10.4 
5149	0.9 
5150	0.6 
5151	2.6 
5152	2.6 
5153	2.5 
5154	2.5 
5155	2.4 
5156	2.3 
5157	2.2 
5158	2.3 
5159	2.3 
5160	2.0 
5161	1.8 
5162	2.0 
5163	1.9 
5164	--
5165	--
5166	2.2 
5167	2.4 
5168	1.8 
5169	1.7 
5170	2.6 
5171	2.3 
5172	1.4 
5173	2.6 
5174	2.4 
5175	2.8 
5176	2.8 
5177	2.1 
5178	2.1 
5179	2.1 
5180	2.0 
5181	2.3 
5182	2.2 
5183	2.1 
5184	2.2 
5185	2.1 
5186	1.8 
5187	2.1 
5188	1.8 
5189	1.8 
5190	--
5191	--
5192	2.2 
5193	1.6 
5194	2.3 
5195	2.2 
5196	2.2 
5197	2.3 
5198	2.3 
5199	2.1 
5200	2.2 
5201	2.2 
5202	5.4 
5203	4.4 
5204	4.1 
5205	4.3 
5206	4.5 
5207	5.1 
5208	4.0 
5209	3.5 
5210	3.8 
5211	--
5212	3.4 
5213	3.0 
5214	--
5215	4.3 
5216	--
5217	3.8 
5218	--
5219	--
5220	--
5221	--
5222	--
5223	--
5224	0.0 
5225	--
5226	--
5227	--
5228	--
5229	--
5230	--
5231	--
5232	6.5 
5233	--
5234	--
5235	--
5236	--
5237	--
5238	5.4 
5239	5.8 
5240	--
5241	--
5242	--
5243	4.7 
5244	5.6 
5245	3.8 
5246	3.7 
5247	--
5248	2.1 
5249	4.7 
5250	--
5251	4.3 
5252	4.6 
5253	4.5 
5254	4.5 
5255	--
5256	--
5257	--
5258	--
5259	--
5260	--
5261	--
5262	--
5263	--
5264	--
5265	--
5266	--
5267	--
5268	--
5269	--
5270	5.8 
5271	--
5272	0.1 
5273	6.9 
5274	--
5275	0.0 
5276	--
5277	5.7 
5278	7.1 
5279	--
5280	--
5281	8.2 
5282	8.2 
5283	7.5 
5284	7.2 
5285	8.0 
5286	14.2 
5287	9.2 
5288	8.0 
5289	7.5 
5290	10.5 
5291	9.0 
5292	9.4 
5293	24.5 
5294	8.1 
5295	8.4 
5296	6.2 
5297	7.7 
5298	--
5299	--
5300	--
5301	5.8 
5302	6.2 
5303	6.0 
5304	8.0 
5305	7.4 
5306	6.3 
5307	7.5 
5308	--
5309	6.8 
5310	5.5 
5311	6.9 
5312	6.3 
5313	6.0 
5314	6.2 
5315	5.5 
5316	5.2 
5317	4.6 
5318	5.4 
5319	5.1 
5320	5.7 
5321	5.9 
5322	5.6 
5323	4.8 
5324	5.0 
5325	--
5326	--
5327	--
5328	6.2 
5329	6.8 
5330	7.1 
5331	--
5332	--
5333	--
5334	7.5 
5335	7.3 
5336	7.3 
5337	7.2 
5338	7.1 
5339	7.5 
5340	6.4 
5341	6.2 
5342	5.8 
5343	5.3 
5344	5.4 
5345	5.2 
5346	5.1 
5347	5.0 
5348	4.9 
5349	--
5350	--
5351	--
5352	--
5353	--
5354	6.5 
5355	9.9 
5356	--
5357	7.4 
5358	7.4 
5359	7.1 
5360	7.1 
5361	6.8 
5362	2.8 
5363	5.8 
5364	7.1 
5365	6.5 
5366	5.6 
5367	--
5368	4.7 
5369	5.2 
5370	5.2 
5371	5.1 
5372	4.7 
5373	4.7 
5374	4.8 
5375	4.9 
5376	5.2 
5377	--
5378	--
5379	--
5380	--
5381	5.5 
5382	--
5383	--
5384	6.5 
5385	4.3 
5386	5.8 
5387	7.1 
5388	4.2 
5389	6.3 
5390	9.5 
5391	--
5392	4.8 
5393	5.9 
5394	5.3 
5395	5.5 
5396	5.2 
5397	--
5398	5.2 
5399	4.7 
5400	4.4 
5401	3.8 
5402	--
5403	--
5404	--
5405	--
5406	--
5407	--
5408	--
5409	4.3 
5410	7.0 
5411	7.1 
5412	--
5413	--
5414	5.7 
5415	9.3 
5416	4.2 
5417	--
5418	2.5 
5419	3.8 
5420	5.7 
5421	--
5422	6.4 
5423	6.1 
5424	6.6 
5425	5.2 
5426	2.1 
5427	1.8 
5428	1.8 
5429	--
5430	--
5431	5.8 
5432	5.7 
5433	6.4 
5434	--
5435	--
5436	--
5437	--
5438	2.1 
5439	1.9 
5440	--
5441	1.9 
5442	1.9 
5443	4.6 
5444	--
5445	--
5446	5.1 
5447	5.2 
5448	5.8 
5449	5.9 
5450	6.3 
5451	--
5452	5.8 
5453	4.4 
5454	5.4 
5455	1.6 
5456	1.8 
5457	2.3 
5458	2.1 
5459	1.9 
5460	4.5 
5461	4.5 
5462	5.5 
5463	4.5 
5464	--
5465	--
5466	2.7 
5467	6.6 
5468	6.4 
5469	6.3 
5470	6.8 
5471	6.6 
5472	6.4 
5473	6.2 
5474	5.4 
5475	6.0 
5476	1.9 
5477	4.8 
5478	5.7 
5479	--
5480	5.4 
5481	5.2 
5482	5.1 
5483	4.3 
5484	5.1 
5485	5.7 
5486	5.4 
5487	4.6 
5488	5.3 
5489	5.5 
5490	5.4 
5491	--
5492	--
5493	--
5494	6.4 
5495	6.9 
5496	6.5 
5497	6.9 
5498	6.3 
5499	5.5 
5500	5.9 
5501	5.9 
5502	5.8 
5503	6.0 
5504	5.8 
5505	5.5 
5506	5.6 
5507	4.7 
5508	4.7 
5509	4.3 
5510	4.7 
5511	5.4 
5512	5.3 
5513	5.4 
5514	5.3 
5515	5.2 
5516	5.2 
5517	4.3 
5518	--
5519	--
5520	--
5521	--
5522	--
5523	--
5524	--
5525	--
5526	--
5527	--
5528	--
5529	--
5530	--
5531	--
5532	--
5533	--
5534	--
5535	--
5536	5.4 
5537	5.4 
5538	5.7 
5539	6.0 
5540	5.5 
5541	5.3 
5542	5.9 
5543	2.0 
5544	2.4 
5545	2.2 
5546	5.1 
5547	5.3 
5548	4.9 
5549	4.5 
5550	4.8 
5551	--
5552	--
5553	2.2 
5554	2.1 
5555	0.2 
5556	--
5557	5.4 
5558	5.9 
5559	6.1 
5560	6.1 
5561	6.1 
5562	5.9 
5563	6.0 
5564	5.9 
5565	5.4 
5566	4.8 
5567	5.0 
5568	3.8 
5569	--
5570	--
5571	4.9 
5572	3.3 
5573	--
5574	4.2 
5575	3.0 
5576	4.8 
5577	5.5 
5578	4.9 
5579	5.9 
5580	6.0 
5581	6.5 
5582	--
5583	--
5584	3.2 
5585	2.4 
5586	5.9 
5587	5.9 
5588	5.8 
5589	7.5 
5590	5.8 
5591	4.3 
5592	6.0 
5593	5.5 
5594	6.0 
5595	6.0 
5596	6.0 
5597	6.0 
5598	6.7 
5599	6.1 
5600	--
5601	5.8 
5602	5.4 
5603	5.4 
5604	4.6 
5605	4.4 
5606	4.6 
5607	4.6 
5608	4.8 
5609	6.0 
5610	6.4 
5611	6.2 
5612	6.9 
5613	--
5614	--
5615	4.5 
5616	9.1 
5617	2.5 
5618	2.4 
5619	6.0 
5620	5.7 
5621	6.4 
5622	5.7 
5623	6.2 
5624	5.8 
5625	3.4 
5626	3.2 
5627	4.4 
5628	4.2 
5629	6.1 
5630	3.3 
5631	4.4 
5632	5.2 
5633	4.0 
5634	4.0 
5635	4.6 
5636	3.8 
5637	3.6 
5638	3.4 
5639	3.2 
5640	3.2 
5641	--
5642	--
5643	--
5644	--
5645	2.2 
5646	5.4 
5647	6.8 
5648	2.4 
5649	0.5 
5650	4.1 
5651	2.1 
5652	3.9 
5653	4.2 
5654	5.2 
5655	3.6 
5656	4.0 
5657	3.9 
5658	4.3 
5659	3.7 
5660	5.5 
5661	3.1 
5662	3.0 
5663	--
5664	--
5665	--
5666	--
5667	--
5668	--
5669	--
5670	--
5671	3.8 
5672	7.0 
5673	3.3 
5674	--
5675	4.5 
5676	5.5 
5677	6.5 
5678	6.6 
5679	4.5 
5680	4.4 
5681	5.8 
5682	1.9 
5683	5.2 
5684	5.1 
5685	2.5 
5686	2.5 
5687	5.3 
5688	6.2 
5689	5.4 
5690	5.8 
5691	4.1 
5692	3.9 
5693	6.5 
5694	4.3 
5695	2.8 
5696	4.7 
5697	5.2 
5698	5.7 
5699	5.0 
5700	4.4 
5701	--
5702	--
5703	--
5704	--
5705	--
5706	--
5707	4.7 
5708	6.7 
5709	6.3 
5710	6.0 
5711	5.8 
5712	5.7 
5713	4.9 
5714	8.0 
5715	2.6 
5716	1.3 
5717	0.3 
5718	--
5719	--
5720	--
5721	5.9 
5722	4.6 
5723	3.1 
5724	3.0 
5725	3.3 
5726	3.1 
5727	3.0 
5728	2.9 
5729	2.7 
5730	2.0 
5731	0.9 
5732	0.8 
5733	6.3 
5734	4.0 
5735	3.4 
5736	4.4 
5737	4.2 
5738	3.2 
5739	--
5740	--
5741	--
5742	--
5743	--
5744	4.5 
5745	4.3 
5746	2.1 
5747	4.9 
5748	5.9 
5749	4.0 
5750	4.1 
5751	5.3 
5752	--
5753	3.6 
5754	3.6 
5755	--
5756	4.1 
5757	4.1 
5758	3.9 
5759	1.6 
5760	--
5761	6.4 
5762	3.1 
5763	2.9 
5764	2.8 
5765	1.5 
5766	--
5767	6.4 
5768	2.8 
5769	2.6 
5770	1.4 
5771	5.5 
5772	3.0 
5773	2.3 
5774	3.3 
5775	--
5776	--
5777	--
5778	2.4 
5779	4.5 
5780	2.5 
5781	2.6 
5782	3.1 
5783	3.1 
5784	4.2 
5785	3.5 
5786	3.5 
5787	3.9 
5788	4.3 
5789	3.9 
5790	3.8 
5791	3.8 
5792	3.8 
5793	3.6 
5794	3.6 
5795	3.5 
5796	3.7 
5797	3.6 
5798	3.6 
5799	3.7 
5800	3.6 
5801	3.7 
5802	3.7 
5803	3.7 
5804	--
5805	--
5806	--
5807	--
5808	--
5809	2.2 
5810	4.6 
5811	5.2 
5812	4.3 
5813	--
5814	--
5815	1.9 
5816	2.2 
5817	2.5 
5818	2.4 
5819	0.0 
5820	2.5 
5821	2.4 
5822	2.3 
5823	2.0 
5824	--
5825	1.8 
5826	--
5827	--
5828	--
5829	--
5830	4.9 
5831	6.9 
5832	7.4 
5833	7.2 
5834	5.6 
5835	5.6 
5836	5.0 
5837	5.4 
5838	2.0 
5839	1.7 
5840	5.8 
5841	5.3 
5842	6.0 
5843	5.8 
5844	--
5845	--
5846	2.7 
5847	6.0 
5848	5.3 
5849	--
5850	--
5851	--
5852	--
5853	--
5854	--
5855	6.8 
5856	7.7 
5857	--
5858	0.3 
5859	0.2 
5860	--
5861	9.2 
5862	7.0 
5863	8.0 
5864	--
5865	9.7 
5866	9.0 
5867	8.2 
5868	7.3 
5869	6.5 
5870	9.2 
5871	7.8 
5872	6.8 
5873	6.7 
5874	6.4 
5875	--
5876	--
5877	2.2 
5878	6.2 
5879	--
5880	--
5881	--
5882	0.1 
5883	0.1 
5884	6.6 
5885	6.7 
5886	7.1 
5887	6.4 
5888	6.6 
5889	--
5890	5.4 
5891	--
5892	--
5893	--
5894	4.9 
5895	4.9 
5896	5.0 
5897	--
5898	--
5899	--
5900	--
5901	--
5902	--
5903	--
5904	--
5905	--
5906	--
5907	--
5908	--
5909	--
5910	--
5911	--
5912	--
5913	--
5914	--
5915	5.8 
5916	6.2 
5917	3.4 
5918	3.0 
5919	3.3 
5920	2.7 
5921	2.7 
5922	2.3 
5923	--
5924	--
5925	--
5926	--
5927	--
5928	--
5929	--
5930	--
5931	6.1 
5932	7.0 
5933	6.8 
5934	6.7 
5935	--
5936	7.7 
5937	10.8 
5938	3.1 
5939	2.9 
5940	1.0 
5941	0.9 
5942	0.8 
5943	0.7 
5944	--
5945	6.3 
5946	3.8 
5947	3.0 
5948	3.0 
5949	3.0 
5950	1.8 
5951	3.0 
5952	3.0 
5953	3.1 
5954	3.0 
5955	2.6 
5956	3.1 
5957	4.3 
5958	--
5959	--
5960	--
5961	3.8 
5962	3.2 
5963	2.2 
5964	4.3 
5965	5.4 
5966	7.3 
5967	7.9 
5968	4.2 
5969	3.1 
5970	2.7 
5971	2.7 
5972	3.6 
5973	2.9 
5974	4.1 
5975	3.2 
5976	4.3 
5977	4.9 
5978	5.9 
5979	5.1 
5980	4.9 
5981	5.6 
5982	3.0 
5983	3.3 
5984	3.3 
5985	3.2 
5986	3.7 
5987	3.4 
5988	2.6 
5989	9.6 
5990	--
5991	--
5992	--
5993	--
5994	--
5995	--
5996	--
5997	--
5998	--
5999	--
6000	--
6001	0.6 
6002	1.0 
6003	4.5 
6004	0.4 
6005	1.5 
6006	--
6007	3.1 
6008	3.7 
6009	--
6010	--
6011	--
6012	--
6013	--
6014	3.2 
6015	7.5 
6016	6.4 
6017	3.9 
6018	6.9 
6019	7.2 
6020	5.7 
6021	2.8 
6022	4.1 
6023	2.5 
6024	5.4 
6025	5.3 
6026	5.3 
6027	--
6028	--
6029	--
6030	--
6031	--
6032	--
6033	--
6034	--
6035	--
6036	--
6037	--
6038	--
6039	15.1 
6040	6.5 
6041	6.4 
6042	6.3 
6043	--
6044	--
6045	--
6046	--
6047	--
6048	--
6049	--
6050	--
6051	--
6052	--
6053	--
6054	--
6055	--
6056	3.4 
6057	3.1 
6058	3.7 
6059	3.5 
6060	2.6 
6061	3.5 
6062	3.7 
6063	4.1 
6064	--
6065	--
6066	--
6067	--
6068	--
6069	--
6070	--
6071	--
6072	--
6073	--
6074	0.0 
6075	1.2 
6076	3.0 
6077	3.4 
6078	3.4 
6079	3.9 
6080	3.7 
6081	3.9 
6082	3.4 
6083	3.4 
6084	3.0 
6085	2.2 
6086	--
6087	--
6088	--
6089	--
6090	--
6091	--
6092	--
6093	--
6094	--
6095	3.5 
6096	3.6 
6097	2.9 
6098	3.2 
6099	4.1 
6100	2.1 
6101	--
6102	--
6103	--
6104	4.3 
6105	7.1 
6106	8.0 
6107	6.6 
6108	6.7 
6109	3.4 
6110	4.0 
6111	4.1 
6112	3.6 
6113	3.4 
6114	--
6115	3.1 
6116	--
6117	2.5 
6118	3.1 
6119	2.8 
6120	2.6 
6121	2.6 
6122	2.9 
6123	3.4 
6124	3.2 
6125	3.1 
6126	3.1 
6127	3.1 
6128	--
6129	--
6130	--
6131	2.2 
6132	--
6133	--
6134	--
6135	--
6136	--
6137	--
6138	--
6139	--
6140	--
6141	--
6142	--
6143	--
6144	--
6145	--
6146	--
6147	--
6148	--
6149	--
6150	--
6151	--
6152	--
6153	--
6154	--
6155	--
6156	--
6157	--
6158	--
6159	--
6160	--
6161	--
6162	--
6163	--
6164	--
6165	--
6166	--
6167	--
6168	--
6169	--
6170	--
6171	--
6172	4.4 
6173	2.4 
6174	2.0 
6175	1.9 
6176	1.9 
6177	1.9 
6178	3.1 
6179	2.0 
6180	2.2 
6181	--
6182	2.3 
6183	6.2 
6184	--
6185	--
6186	--
6187	--
6188	--
6189	--
6190	--
6191	--
6192	--
6193	--
6194	--
6195	--
6196	--
6197	--
6198	--
6199	--
6200	--
6201	--
6202	--
6203	--
6204	--
6205	--
6206	--
6207	--
6208	--
6209	--
6210	--
6211	--
6212	--
6213	--
6214	--
6215	--
6216	--
6217	--
6218	--
6219	--
6220	--
6221	--
6222	--
6223	--
6224	--
6225	--
6226	--
6227	--
6228	--
6229	0.0 
6230	0.0 
6231	0.0 
6232	6.3 
6233	8.1 
6234	8.1 
6235	8.0 
6236	51.8 
6237	6.7 
6238	52.5 
6239	0.2 
6240	4.4 
6241	5.5 
6242	7.5 
6243	2.8 
6244	2.5 
6245	0.0 
6246	0.0 
6247	6.8 
6248	5.8 
6249	5.0 
6250	3.3 
6251	3.7 
6252	3.1 
6253	3.4 
6254	4.1 
6255	4.6 
6256	4.5 
6257	4.7 
6258	4.7 
6259	4.9 
6260	5.0 
6261	4.7 
6262	3.1 
6263	3.6 
6264	3.5 
6265	3.4 
6266	3.5 
6267	3.8 
6268	4.3 
6269	4.2 
6270	3.3 
6271	3.1 
6272	3.1 
6273	3.0 
6274	3.1 
6275	2.7 
6276	0.0 
6277	0.0 
6278	0.0 
6279	2.4 
6280	7.6 
6281	--
6282	8.3 
6283	--
6284	4.4 
6285	--
6286	1.9 
6287	1.1 
6288	1.6 
6289	5.4 
6290	--
6291	1.7 
6292	1.5 
6293	1.7 
6294	5.1 
6295	8.5 
6296	7.9 
6297	3.8 
6298	4.6 
6299	3.8 
6300	3.8 
6301	3.8 
6302	3.8 
6303	4.0 
6304	1.3 
6305	1.4 
6306	1.4 
6307	1.5 
6308	1.5 
6309	1.6 
6310	3.6 
6311	3.7 
6312	3.9 
6313	3.8 
6314	3.8 
6315	--
6316	--
6317	--
6318	2.5 
6319	7.3 
6320	7.0 
6321	5.0 
6322	5.1 
6323	5.0 
6324	6.0 
6325	4.7 
6326	4.0 
6327	4.0 
6328	3.6 
6329	--
6330	1.6 
6331	1.7 
6332	1.8 
6333	4.0 
6334	1.7 
6335	3.9 
6336	4.1 
6337	3.3 
6338	1.7 
6339	2.4 
6340	2.6 
6341	--
6342	5.1 
6343	2.3 
6344	2.0 
6345	5.0 
6346	5.6 
6347	1.3 
6348	5.6 
6349	6.3 
6350	6.2 
6351	5.0 
6352	4.9 
6353	4.8 
6354	4.9 
6355	4.8 
6356	--
6357	--
6358	--
6359	--
6360	2.5 
6361	2.4 
6362	--
6363	6.4 
6364	7.6 
6365	0.9 
6366	1.0 
6367	--
6368	1.2 
6369	1.1 
6370	--
6371	4.1 
6372	2.0 
6373	5.4 
6374	5.1 
6375	4.2 
6376	4.6 
6377	4.8 
6378	6.6 
6379	--
6380	4.8 
6381	5.0 
6382	5.6 
6383	5.5 
6384	4.6 
6385	3.3 
6386	3.3 
6387	3.4 
6388	4.8 
6389	4.3 
6390	--
6391	7.1 
6392	2.1 
6393	--
6394	--
6395	--
6396	--
6397	--
6398	--
6399	--
6400	--
6401	--
6402	--
6403	--
6404	--
