X13177
	2.76905289478329	3.61685105558585
               0	11.459064348865390
               1	-10.496383777735252
               2	3.270886925474857
               3	-0.704747213544244
              4	0.068090218333735
               5	0.008436259678586
	2.15800556047993	2.84473371270517
               0	64.800759840109833
               1	-53.295956392352089
               2	10.609456042105863
               3	-1.188067744104453
              4	0.071625868441210
               5	-0.008294340218588
	1.76863750936376	2.28563329264356
               0	194.838538025900504
               1	-115.304286754457436
               2	17.331456537213281
               3	-2.286931339620325
              4	0.443430849423226
               5	-0.061653028432310
               6	0.069400993414576
               7	0.010587995599512
X13203
	2.67685028395298	3.49754724988291
               0	11.435810729806660
               1	-10.492940590734452
               2	3.289403053873401
               3	-0.716569590273870
              4	0.073598640989115
               5	0.010954027521137
	2.09002899127681	2.74970198021924
               0	64.797275391359037
               1	-53.288931274199911
               2	10.597668367216384
               3	-1.179192233272103
              4	0.078933487987798
               5	-0.018143307074999
	1.71475169230762	2.2126234918502
               0	194.735866079048804
               1	-115.076155482567159
               2	17.165284357666945
               3	-2.220506260445797
              4	0.489071518560047
               5	-0.105318031442351
               6	0.027415729434396
               7	0.003638140913526
X13204
	2.67036636235147	3.48689215975007
               0	11.440224184456481
               1	-10.496637229964078
               2	3.287266477428880
               3	-0.714293396546515
              4	0.072501969129917
               5	0.011841282545025
	2.08529468206157	2.74292861302771
               0	64.836280027550003
               1	-53.320283425895461
               2	10.581091486877579
               3	-1.159115848609375
              4	0.062596819984278
               5	-0.007826099161417
	1.71027716962169	2.20793172901313
               0	194.827593536250845
               1	-115.160344412230415
               2	17.126550594425133
               3	-2.186340780536232
              4	0.519083272130756
               5	-0.163220233391650
               6	0.092918025144576
               7	-0.077020204553530
X21426
	2.68198233443337	3.5230048065796
               0	11.641926454074561
               1	-10.608217897319722
               2	3.105476385740517
               3	-0.596426590562535
              4	0.047619469064465
               5	0.005315861334787
	2.07095726439249	2.76143056466297
               0	64.110035825676292
               1	-53.010405261658455
               2	11.273559767506780
               3	-1.469645802821880
              4	0.097936882036882
               5	-0.006069618800579
	1.7064910197201	2.19403149330824
               0	193.798312337023191
               1	-114.669444433772398
               2	17.863952216403923
               3	-2.445111650173639
              4	0.631500455466248
               5	-0.229078254725938
               6	0.120636264853762
               7	-0.082679472435184
X21427
	2.76192811642902	3.67371456108621
               0	11.614312019798009
               1	-10.592078181341817
               2	3.128064636421683
               3	-0.611245159416331
              4	0.052042728924024
               5	0.004554225763840
	2.10916065383119	2.84728881912147
               0	64.055069793815377
               1	-52.995207402347241
               2	11.328910613728988
               3	-1.492800458182945
              4	0.107276742071800
               5	-0.004932263099754
	1.72080108846529	2.24035599416594
               0	193.884754214970286
               1	-114.809028254368968
               2	17.872058005255109
               3	-2.396746092478495
              4	0.580505365914699
               5	-0.179264718010093
               6	0.072144053590780
               7	-0.024007047657357
X21428
	2.62267085941121	3.41293247906729
               0	11.681747514853400
               1	-10.620575580488062
               2	3.071123782911040
               3	-0.576618389444016
              4	0.040956723979727
               5	0.003813500572180
	2.03599935096481	2.69817918148857
               0	64.224597822090757
               1	-53.062283631173379
               2	11.175617887474132
               3	-1.431382073028459
              4	0.084494240074958
               5	0.004225125449915
	1.68303199084571	2.15481457114437
               0	194.005395877635862
               1	-114.864618714437583
               2	17.835045979359524
               3	-2.406541297894278
              4	0.517341352349446
               5	-0.146058727329316
               6	0.089315205024139
               7	0.031738432886130
X21429
	2.70912453280116	3.57285890180422
               0	11.634013199033573
               1	-10.593863539572540
               2	3.108110702368399
               3	-0.602526346381070
              4	0.050171866753376
               5	0.002734109767045
	2.08781700437155	2.79021160929517
               0	64.025596008676217
               1	-52.986654307087100
               2	11.384368503256450
               3	-1.533356346329076
              4	0.115792735763239
               5	-0.007421486312713
	1.7212629931223	2.21176616098016
               0	193.934123504899361
               1	-114.932661381367325
               2	18.140470737716036
               3	-2.487911672548241
              4	0.419863632839388
               5	-0.119354345094712
               6	0.103582392621752
               7	-0.035485508118364
X21430
	2.66022156231535	3.49003077149231
               0	11.651618960456112
               1	-10.613738564559487
               2	3.097777164243317
               3	-0.589678459728847
              4	0.045894220399280
               5	0.005452661128562
	2.05298046635856	2.73892168125978
               0	64.141044783157611
               1	-52.998073672906543
               2	11.208350050598582
               3	-1.453330492058510
              4	0.106116858394109
               5	-0.014630339289415
	1.68653626278472	2.17515701397606
               0	194.247954516124110
               1	-114.986996209735935
               2	17.722651185133426
               3	-2.322039845005093
              4	0.532981829174471
               5	-0.186789903007745
               6	0.011773604130010
               7	-0.007772053786000
X21432
	2.66839214215426	3.50325462356688
               0	11.643814464439783
               1	-10.608296572877395
               2	3.102720152405268
               3	-0.593625227716020
              4	0.047506558519642
               5	0.004638365496291
	2.05892062582644	2.74737073831254
               0	64.160341922984699
               1	-53.033109009256890
               2	11.220245870788613
               3	-1.445187080682214
              4	0.098906957493694
               5	-0.008219810701578
	1.69224765533107	2.1817331431016
               0	194.208274002293450
               1	-114.985733678031835
               2	17.759761145828964
               3	-2.338521862311992
              4	0.516879410959425
               5	-0.156826774583681
               6	-0.000955409958845
               7	-0.026678369191421
X21434
	2.56574898183012	3.30867282639441
               0	11.708895056106371
               1	-10.630315581174885
               2	3.045522573078796
               3	-0.564620963333904
              4	0.038678221377102
               5	0.002925101416827
	2.00947018790393	2.63723646399743
               0	64.173269260846581
               1	-53.002445290488794
               2	11.186473013707209
               3	-1.459161898971698
              4	0.101765376535096
               5	-0.009052817704474
	1.67494707296194	2.12172040170118
               0	193.848798888651458
               1	-114.696544853963772
               2	17.899857400171417
               3	-2.402917562970168
              4	0.486997586051640
               5	-0.182596040983977
               6	0.169660086734307
               7	-0.095676379358880
X21640
	2.58526669754192	3.34894052413703
               0	11.697607182569291
               1	-10.626858332913439
               2	3.055491631424697
               3	-0.567291750633225
              4	0.038209026084457
               5	0.003660203355841
	2.01263778293614	2.65859183690484
               0	64.230212329895650
               1	-53.025419597365591
               2	11.124244875671916
               3	-1.435185976518071
              4	0.107751359224830
               5	-0.024901717132408
	1.66564655234187	2.12860334563118
               0	194.092634738550771
               1	-115.011837646470866
               2	17.881108576552840
               3	-2.389121695858455
              4	0.519434601895681
               5	-0.212022087211772
               6	0.180503334367926
               7	-0.008786808681269
X28073
	2.6323511554623	3.40895440927022
               0	11.638612756620367
               1	-10.598075128617085
               2	3.111151209460710
               3	-0.598936664497013
              4	0.043276033387002
               5	0.006185162636077
	2.0579501278344	2.70569304718888
               0	64.300239544979576
               1	-53.069021361291575
               2	11.076569885169246
               3	-1.406917492704073
              4	0.096207408137502
               5	-0.011932252856517
	1.70748194574732	2.17462992119251
               0	194.315867811417860
               1	-115.111953185426117
               2	17.752971276143239
               3	-2.353043178452435
              4	0.523170890727515
               5	-0.212617462454515
               6	0.142180345033665
               7	0.002646249369590
X38515
	2.82325383727879	3.81475159100935
               0	11.580486585116233
               1	-10.563046638610075
               2	3.151832391659413
               3	-0.630628674555545
              4	0.057687745955073
               5	0.002751988487196
	2.13131211235125	2.91478938358313
               0	63.873349382617896
               1	-52.908176033669086
               2	11.479463183874667
               3	-1.564831235243222
              4	0.121179108394165
               5	-0.009597346106717
	1.72622507650704	2.26889007906487
               0	193.767384858607016
               1	-114.872483611953271
               2	18.151053951178820
               3	-2.413662612111655
              4	0.450052056056204
               5	-0.124541781900055
               6	0.067885594995340
               7	-0.069680396282153
X38884
	2.82414836846237	3.72870862607998
               0	11.584898887637765
               1	-10.572480235462908
               2	3.154365444028474
               3	-0.624663300152012
              4	0.051359273706369
               5	0.006228391458190
	2.17271826077379	2.90809463256137
               0	64.195388070794337
               1	-53.028276371519674
               2	11.166762539325124
               3	-1.432422148630061
              4	0.095767384246645
               5	-0.008323914585572
	1.78101680529768	2.30458155635205
               0	193.983169774481098
               1	-114.939498215475297
               2	17.935545734333733
               3	-2.389585725364070
              4	0.520348174633031
               5	-0.175561777714923
               6	0.087696925786240
               7	-0.065904290620743
X38904
	2.77787256831723	3.66218157411056
               0	11.596320297956158
               1	-10.562124405651600
               2	3.148101791881848
               3	-0.630401396237348
              4	0.049855243672859
               5	0.002226708964844
	2.13718362049159	2.85996616323683
               0	64.237717213960735
               1	-53.031751893771059
               2	11.109344142985577
               3	-1.423048558660843
              4	0.108329122815350
               5	-0.018926162570319
	1.7497642887967	2.26701244223561
               0	194.037892470401260
               1	-114.977208106623379
               2	17.911969029459378
               3	-2.427302164034590
              4	0.515458161743520
               5	-0.136862524774971
               6	0.108157266895556
               7	-0.047328774948864
X38919
	2.69958056648373	3.55003118387429
               0	11.534062254386235
               1	-10.534513326725500
               2	3.192342670115490
               3	-0.661104018351393
              4	0.065892154112647
               5	0.003212032700727
	2.11034394456183	2.7768745984436
               0	64.026458529629338
               1	-53.028780800778179
               2	11.415549505144323
               3	-1.515480742557141
              4	0.099111473275338
               5	0.011896853935570
	1.75676044622071	2.22806020785874
               0	194.459778851700719
               1	-115.070147944940999
               2	17.592012999503915
               3	-2.270748750767972
              4	0.415310524419028
               5	-0.192062743623056
               6	0.130129843873346
               7	-0.039508248799603
X40355
	2.62282816186696	3.3645352854284
               0	11.599560109717570
               1	-10.584068641855726
               2	3.145957821195039
               3	-0.616918100530077
              4	0.046658686558208
               5	0.009019446763848
	2.07051481109323	2.69215098868513
               0	64.537483869743525
               1	-53.158179965999707
               2	10.837441825986739
               3	-1.297865668071580
              4	0.078523082525243
               5	-0.015504341794523
	1.72224946760224	2.18416811723435
               0	194.726801192153630
               1	-115.083058040241042
               2	17.159644665243668
               3	-2.170739605846336
              4	0.486538385672981
               5	-0.205915050002410
               6	0.129276274031323
               7	-0.104214850510625
X45781
	2.69720794145614	3.49180272142522
               0	11.626706310418950
               1	-10.538030033389681
               2	3.131946926656344
               3	-0.647021893031633
              4	0.048022406775207
               5	-0.002261862618487
	2.12980315483219	2.77089972252695
               0	64.168352590983758
               1	-53.050742689769045
               2	11.227241640867954
               3	-1.439497775522030
              4	0.097266537365394
               5	-0.002200666109011
	1.78436206072633	2.24424710271565
               0	194.519523818782744
               1	-115.093231823282139
               2	17.481172921942139
               3	-2.192696505967418
              4	0.444785638591519
               5	-0.164686076963498
               6	0.098961626427452
               7	-0.031928700332108
X45790
	2.60543759888121	3.35644080615825
               0	11.643156331234559
               1	-10.552115913027512
               2	3.117499580299843
               3	-0.633936603450849
              4	0.044939762374934
               5	-0.001040355758352
	2.06029648014193	2.67559353479514
               0	64.281421522511010
               1	-53.099619394339008
               2	11.121984801783485
               3	-1.390204463940179
              4	0.083277843464251
               5	-0.004840649852726
	1.72546518981865	2.17090341004011
               0	194.632057481173547
               1	-115.171791226570008
               2	17.442363707624789
               3	-2.175677498381402
              4	0.416681299669114
               5	-0.109188572011051
               6	0.061826345004128
               7	-0.014001150711409
X46306
	2.85674301227426	3.77526589946255
               0	11.519619740799227
               1	-10.533007547395480
               2	3.210997250142384
               3	-0.665014902351389
              4	0.062487526719370
               5	0.005605300002292
	2.20977216404886	2.94013859394428
               0	64.259725514045812
               1	-53.115813524732637
               2	11.181019917054346
               3	-1.413133689719303
              4	0.084075450194825
               5	0.006494675160515
	1.81687470889078	2.34075144293967
               0	194.395025560711787
               1	-115.030263279557943
               2	17.611974323487264
               3	-2.309453569833718
              4	0.439831241860998
               5	-0.152994976039515
               6	0.110468286546708
               7	-0.014090409967292
X46307
	2.80131567584735	3.67618039466533
               0	11.553907986917935
               1	-10.550412071783816
               2	3.184652902400218
               3	-0.646900899253260
              4	0.055412968091083
               5	0.006662915445545
	2.17468154095569	2.88168696544338
               0	64.293223350696408
               1	-53.081244641666672
               2	11.080160630373530
               3	-1.387995235077506
              4	0.092399571929992
               5	-0.010429218391965
	1.78921203993746	2.30223193463254
               0	194.514330715970942
               1	-115.183629193944071
               2	17.513642380263381
               3	-2.192199810886287
              4	0.441586492344332
               5	-0.146756174121388
               6	0.107599641686322
               7	-0.014525434750668
X46308
	2.85821013852597	3.77388139667162
               0	11.527685703687021
               1	-10.535128286391759
               2	3.206019061336283
               3	-0.662263867783258
              4	0.060920252308356
               5	0.004941178146057
	2.21206491886837	2.94158682140161
               0	64.240877135184476
               1	-53.083471239184497
               2	11.155872827756189
               3	-1.406330163359817
              4	0.083422139349528
               5	-0.000255092319198
	1.81937669997142	2.34313211332333
               0	194.264587867559385
               1	-114.950604308875412
               2	17.601189973751541
               3	-2.316935899233540
              4	0.516618253442476
               5	-0.158662912705524
               6	0.128010907361201
               7	-0.062237494671161
X46309
	2.87057595599328	3.80064043572331
               0	11.518775385123300
               1	-10.534210859835857
               2	3.212658553859367
               3	-0.666562520835068
              4	0.062753734430424
               5	0.006091653696734
	2.21625428343982	2.95509161726304
               0	64.225285169449265
               1	-53.071255780492102
               2	11.159148825164660
               3	-1.407709435035910
              4	0.090418816806094
               5	-0.008494572862350
	1.81848645812396	2.34895256919698
               0	194.404009387373691
               1	-115.177428238560708
               2	17.592251790146101
               3	-2.158175410493279
              4	0.393610968883399
               5	-0.101642339547531
               6	0.078784126760783
               7	0.019750015061753
X46310
	2.84035715328794	3.73304072150014
               0	11.604069061702784
               1	-10.537960769422911
               2	3.154076158788887
               3	-0.649753907285652
              4	0.046944252636162
               5	0.000611525343776
	2.19936937766855	2.9229342375509
               0	64.293254252502322
               1	-53.113840553829632
               2	11.122099583932897
               3	-1.390157887864682
              4	0.090743537551336
               5	0.000087577199953
	1.80823055963646	2.32936720305149
               0	194.465594397853323
               1	-115.090618830266962
               2	17.606806636492255
               3	-2.230269653019440
              4	0.397092145855668
               5	-0.138276232245145
               6	0.090970783938196
               7	-0.028947056296674
X46311
	2.86495495585352	3.79118360655863
               0	11.519175927774766
               1	-10.535594074022709
               2	3.213077711191623
               3	-0.665939625478732
              4	0.062197962263856
               5	0.006759228551566
	2.21327977280157	2.949163953663
               0	64.217010872244430
               1	-53.058696295816937
               2	11.158409307287050
               3	-1.417124599064631
              4	0.098512735527769
               5	-0.012870067113778
	1.81588927937677	2.34520011531722
               0	194.478859277640481
               1	-115.240290043615531
               2	17.666207046344962
               3	-2.254058552866862
              4	0.432851331613874
               5	-0.143686817188081
               6	0.085575787371550
               7	0.028303880667402
X46312
	2.7815982752077	3.63777337425957
               0	11.544103072750472
               1	-10.551757677466625
               2	3.192859535486180
               3	-0.650557152921276
              4	0.057038536351493
               5	0.007695748323314
	2.16814306779117	2.86018365185133
               0	64.320965708571549
               1	-53.099408882942939
               2	11.061391358568811
               3	-1.376762815512232
              4	0.087064889401058
               5	-0.007705344759276
	1.7929812291977	2.2930545052816
               0	194.271905877100664
               1	-114.960014916003715
               2	17.571275382672866
               3	-2.216966731355002
              4	0.428101420642013
               5	-0.140955476895846
               6	0.108781586516902
               7	-0.038261744109430
X46586
	2.56231551856954	3.32501444347327
               0	11.586077339398621
               1	-10.572618389027655
               2	3.152478722057125
               3	-0.630376559727646
              4	0.057027348790768
               5	0.005915333251365
	2.01849012273005	2.63304178908047
               0	64.128714557982704
               1	-53.027822585794624
               2	11.254924305533640
               3	-1.450928353239119
              4	0.091290380474090
               5	-0.008249576277221
	1.68949310654832	2.12804758695443
               0	194.369813991034817
               1	-114.984405275094545
               2	17.503172159813271
               3	-2.218927311871526
              4	0.530931951756524
               5	-0.198000274375690
               6	0.123220567837709
               7	-0.192608008979753
X46664
	2.51439071419927	3.24676810686258
               0	11.604134643005835
               1	-10.580604015299476
               2	3.137687395604401
               3	-0.622420873880088
              4	0.053037942426894
               5	0.006491926301392
	1.986875594341	2.58271718857202
               0	64.173812096534434
               1	-53.042502694304282
               2	11.213723529830949
               3	-1.443224869909408
              4	0.091520850348256
               5	-0.002118513178420
	1.66589820089637	2.09352390745297
               0	194.265678442415861
               1	-114.938518286661434
               2	17.562291388592012
               3	-2.273054115050635
              4	0.489171102520498
               5	-0.207574024906401
               6	0.127751895325049
               7	-0.020467718594389
X46665
	2.74078495791574	3.60553425002827
               0	11.598040933797416
               1	-10.527671111352037
               2	3.153036471535496
               3	-0.659174352495822
              4	0.054953303267076
               5	-0.001865171355565
	2.14156856883326	2.82030454783981
               0	63.897145086646503
               1	-52.934882078333260
               2	11.469003193367410
               3	-1.543046326178652
              4	0.112965962701634
               5	-0.005287788846766
	1.78281268833603	2.26064263434281
               0	194.511622844672132
               1	-115.196992443132927
               2	17.628785525525029
               3	-2.156619678879190
              4	0.369977136969802
               5	-0.124887646427590
               6	0.077296867032215
               7	-0.037149638152736
X46701
	2.62635314961318	3.43840110812805
               0	11.554371585523741
               1	-10.553611242969074
               2	3.178181383983744
               3	-0.648136680374981
              4	0.062506517027958
               5	0.005308566314137
	2.05594044760706	2.70087756451214
               0	64.059950731138130
               1	-52.987817579218223
               2	11.301130872435250
               3	-1.479958232378308
              4	0.108036834744242
               5	-0.014634350089510
	1.71138715172537	2.17018738011989
               0	194.424123084010716
               1	-115.007215798105491
               2	17.525273781743877
               3	-2.271505902321421
              4	0.524200774206030
               5	-0.186012256268312
               6	0.081583950615682
               7	-0.123708803953877
X46924
	2.60761949852624	3.43493248620202
               0	11.423932234864090
               1	-10.452499300962192
               2	3.268943107144958
               3	-0.735590693168549
              4	0.096491232421674
               5	-0.001408108467166
	2.08024129461491	2.67950175673565
               0	63.604534251250733
               1	-52.857873392169196
               2	11.757104992215030
               3	-1.612186254811433
              4	0.093692049159991
               5	0.003858013763279
	1.76416985338858	2.18432615764737
               0	194.747898468339059
               1	-115.304888731793710
               2	17.270650766509558
               3	-2.076290984679713
              4	0.434368425474410
               5	-0.147398781930357
               6	0.061090343703872
               7	-0.006505427571877
X48789
	2.88538710728259	3.7021303119452
               0	11.465846791186106
               1	-10.513177864911611
               2	3.264410455185499
               3	-0.690868195305640
              4	0.064805380896595
               5	0.011964538834276
	2.28645559397129	2.95869995517371
               0	64.988661783448933
               1	-53.403360218523851
               2	10.471591500436682
               3	-1.106518930024345
              4	0.041422615462089
               5	0.003822599588964
	1.89554386632933	2.41252124361248
               0	195.342849538479243
               1	-115.333154257445358
               2	16.765971464054754
               3	-2.057474525227279
              4	0.430322445643549
               5	-0.158211760606479
               6	0.042425157751117
               7	-0.045258291113985
X48790
	3.08652679548343	3.94852017535281
               0	11.449313496201933
               1	-10.500737915814955
               2	3.278507634350434
               3	-0.705628848321185
              4	0.068076414256576
               5	0.011233179538107
	2.46340907063875	3.16329097881866
               0	64.894687050741709
               1	-53.350784736624604
               2	10.538592272629046
               3	-1.131757357996881
              4	0.045317749616064
               5	-0.001329657711631
	2.05844944687568	2.59408186899286
               0	195.236430769781407
               1	-115.314012789839381
               2	16.846929079786893
               3	-2.026891129318303
              4	0.390369910627937
               5	-0.174150205294533
               6	0.080098116192808
               7	-0.007863573177568
X48791
	2.93933671074094	3.8014137597361
               0	11.446154856665872
               1	-10.498890224581762
               2	3.279604079058419
               3	-0.704913109201102
              4	0.069314226543780
               5	0.011174253792906
	2.31622302293365	3.01612947191306
               0	64.908732493864164
               1	-53.379891214731003
               2	10.552262373903458
               3	-1.130777527659072
              4	0.039984415485357
               5	0.005192790599759
	1.91193182747421	2.44693915381928
               0	195.319921494586992
               1	-115.444443612190653
               2	16.907371069929940
               3	-2.041284609885960
              4	0.369315805235362
               5	-0.145145688227552
               6	0.051873884003452
               7	0.037461117366767
X48792
	2.88110597973897	3.69682957039628
               0	11.465865307899485
               1	-10.511632326231204
               2	3.263572382195163
               3	-0.691166921111612
              4	0.064864896014738
               5	0.012021865643570
	2.28315354347179	2.95428379923073
               0	64.956336382585590
               1	-53.364738566177934
               2	10.472679334351060
               3	-1.120197658802970
              4	0.046860040199318
               5	-0.002608153210033
	1.89273677216015	2.40887675752317
               0	195.149399262350386
               1	-115.183213419873837
               2	16.831217615735632
               3	-2.079283610708813
              4	0.403883466609643
               5	-0.161542145575302
               6	0.116522004510145
               7	-0.043662292996693
X48793
	2.91607927773968	3.75494750854757
               0	11.458533740951182
               1	-10.506459613055878
               2	3.269098241228095
               3	-0.696945583735433
              4	0.066538676519918
               5	0.011522766481038
	2.30521953461352	2.99115493420249
               0	64.936974357127596
               1	-53.387342584503415
               2	10.520182555262101
               3	-1.120256060300197
              4	0.039916210075927
               5	0.001261409746665
	1.9074277002596	2.43345525242314
               0	195.282605414271302
               1	-115.310641145020327
               2	16.844281322602431
               3	-2.082947927772343
              4	0.417299158756608
               5	-0.192382518989798
               6	0.093594170918630
               7	-0.015177779376323
X48794
	2.90017289823685	3.72777056821477
               0	11.459575758735424
               1	-10.507292808330492
               2	3.268088325139399
               3	-0.694788696686307
              4	0.066199709607128
               5	0.011666457523423
	2.29617949598725	2.97425092724658
               0	64.930663304362099
               1	-53.358130709756935
               2	10.497488035200691
               3	-1.124796421428773
              4	0.047187673548279
               5	-0.003112469392296
	1.90296581530729	2.42307033432938
               0	195.145636108387862
               1	-115.236037230745609
               2	16.871508903046337
               3	-2.077585216129462
              4	0.442885499520157
               5	-0.213636821090418
               6	0.119006696265221
               7	-0.010099283956771
X48795
	2.92164914015678	3.76327736984413
               0	11.456381473923646
               1	-10.504451822373817
               2	3.270158208148528
               3	-0.698234040369357
              4	0.067026149728074
               5	0.011274798592348
	2.30991383511471	2.99687740683495
               0	64.924534249490435
               1	-53.383099030883862
               2	10.530266632567168
               3	-1.120728178017726
              4	0.038149220971476
               5	0.002252692560057
	1.91235386643194	2.43830241590382
               0	195.223079348240048
               1	-115.265993443369865
               2	16.843401383151082
               3	-2.073412650784280
              4	0.440464228836855
               5	-0.217735112711699
               6	0.115183178554113
               7	-0.012017838223144
X48796
	2.96189280910183	3.84034928021953
               0	11.440753044039694
               1	-10.496250707396070
               2	3.283869335642635
               3	-0.706938124912373
              4	0.070681899271319
               5	0.010933638496107
	2.33046312588043	3.04003179380775
               0	64.853111657150734
               1	-53.350470510926108
               2	10.590680586409709
               3	-1.148937419358824
              4	0.048967160025399
               5	-0.001983347469551
	1.92226632644781	2.46257971960329
               0	195.247126268875945
               1	-115.357681247783120
               2	16.878496126378309
               3	-2.065867970923745
              4	0.437197268589201
               5	-0.173903516594099
               6	0.064775811318255
               7	-0.014238116691079
X48797
	2.89682132722172	3.71881070523109
               0	11.466598909027786
               1	-10.512083433005825
               2	3.263363091967979
               3	-0.692197122592505
              4	0.064619930729377
               5	0.011964337254688
	2.29430332416007	2.97059870795091
               0	64.998750156079055
               1	-53.420038455846793
               2	10.473165653047245
               3	-1.095437169162521
              4	0.028263001443471
               5	0.010356660167007
	1.89916265543918	2.42129889240366
               0	195.395633962870533
               1	-115.332919186005711
               2	16.691300967115417
               3	-2.013198048111200
              4	0.403535639836120
               5	-0.200241914273346
               6	0.110007422783888
               7	-0.016096717989665
X48798
	2.89578462759949	3.71616663855839
               0	11.466508033607747
               1	-10.512378137307296
               2	3.263637239142651
               3	-0.691136556278826
              4	0.064822552418283
               5	0.012260417133653
	2.29512017346545	2.96943016182542
               0	64.957256212828440
               1	-53.377576021678401
               2	10.479945095161270
               3	-1.108143396798156
              4	0.036419381102463
               5	0.005748590548342
	1.90171974573662	2.42149593204283
               0	195.364792333867143
               1	-115.365025333816760
               2	16.776272557674901
               3	-2.013280318087404
              4	0.366734860023577
               5	-0.147895650364658
               6	0.078016248875074
               7	-0.011167136701035
X48799
	2.94028506186372	3.80428794724185
               0	11.445063355344253
               1	-10.499307500894890
               2	3.282172939427746
               3	-0.707306158372662
              4	0.068833500617411
               5	0.011239108842827
	2.31744262303417	3.01710240750851
               0	64.860949601344288
               1	-53.320976364397978
               2	10.549968785312590
               3	-1.141996258318815
              4	0.050229581134300
               5	-0.010658426794138
	1.91306988343906	2.44783830141524
               0	195.190772476087232
               1	-115.298202238502142
               2	16.881786229785220
               3	-2.059322582382959
              4	0.404402078540702
               5	-0.149971683295511
               6	0.076170289522161
               7	-0.003967314305318
X48800
	2.91957240957688	3.75900849023482
               0	11.458837724662025
               1	-10.506592789151867
               2	3.268782730395240
               3	-0.695772810259012
              4	0.066508480435546
               5	0.012042326860913
	2.30898311909736	2.99471302499681
               0	64.903708255695562
               1	-53.356585638850781
               2	10.528361054820813
               3	-1.128686373429398
              4	0.040777163856148
               5	0.003804633850155
	1.91054137948261	2.43715112408848
               0	195.323457461961936
               1	-115.386479422529291
               2	16.827343415995166
               3	-2.047940765118632
              4	0.388627818521352
               5	-0.140474256347317
               6	0.057116538383423
               7	0.046859781229109
X48801
	2.90379864396535	3.73332440246088
               0	11.467744178800290
               1	-10.514711337202913
               2	3.265913520040919
               3	-0.693338110792570
              4	0.064772088736928
               5	0.012619567214964
	2.29812214857767	2.97822135057246
               0	64.964433754520741
               1	-53.410279738301746
               2	10.525686709134186
               3	-1.126441634511115
              4	0.045827768338232
               5	0.006246187921578
	1.90366694380775	2.42564230789919
               0	195.245781714605101
               1	-115.367088181006522
               2	16.879713537097029
               3	-2.088489395489742
              4	0.380743245081594
               5	-0.165452744728652
               6	0.106585185318954
               7	0.054670148742113
X48802
	2.95299691516436	3.82094802470357
               0	11.444504445148052
               1	-10.499275024126126
               2	3.283061691135637
               3	-0.707798244595553
              4	0.068992453465748
               5	0.011589500066517
	2.32799670503776	3.03018346195282
               0	64.860305810026034
               1	-53.333092944344088
               2	10.566212326154421
               3	-1.143749389191266
              4	0.045490033197256
               5	-0.001760373608775
	1.92235306078981	2.45878575586657
               0	195.159101359718249
               1	-115.219540180279907
               2	16.847952456898579
               3	-2.045827626315250
              4	0.401129730004870
               5	-0.196088474679126
               6	0.093351550422388
               7	-0.004258914125122
X48803
	2.93566944603962	3.79630504474363
               0	11.450596095120355
               1	-10.504951298250930
               2	3.281100459383668
               3	-0.703995997944917
              4	0.067872347585188
               5	0.012714204626271
	2.31415774207961	3.01241150872243
               0	64.916582278305427
               1	-53.392202731824639
               2	10.567408243853905
               3	-1.137377795550465
              4	0.043910893042201
               5	0.007328142986900
	1.91002617122295	2.44473306004875
               0	195.316589679551811
               1	-115.432635154962781
               2	16.857715786246445
               3	-2.043235574394353
              4	0.355255306618052
               5	-0.144702612144250
               6	0.094629255881554
               7	0.042288662928589
X48804
	2.9444710447468	3.80401730682943
               0	11.448928583611627
               1	-10.502302813008431
               2	3.280001386701413
               3	-0.705468548607054
              4	0.067986396912614
               5	0.012073604217498
	2.32386677451347	3.02104547828772
               0	64.879963873598854
               1	-53.344515331711896
               2	10.550114824427633
               3	-1.132933143893162
              4	0.041694200397087
               5	-0.001889818437824
	1.91998487285743	2.45385757016571
               0	195.297577121574932
               1	-115.330288137920860
               2	16.810523815197619
               3	-2.048838358927517
              4	0.416185551721891
               5	-0.177364574339028
               6	0.067703674346047
               7	0.012521162639825
X48910
	2.91571072730595	3.75846120218555
               0	11.458225956893589
               1	-10.510424518606520
               2	3.275614195792191
               3	-0.699313600061843
              4	0.066106580153299
               5	0.013278021359128
	2.30382015017965	2.99109184022809
               0	64.952392450475912
               1	-53.409816526411070
               2	10.538388464689033
               3	-1.122438058034412
              4	0.036657556321242
               5	0.011807072435924
	1.90424638371708	2.43256978061014
               0	195.323614237048161
               1	-115.349779409494971
               2	16.785249162478884
               3	-2.038291677324062
              4	0.369552101962100
               5	-0.188303052689260
               6	0.119790634104140
               7	0.021449429277811
X48911
	2.88646218488305	3.70749174905848
               0	11.463451178721145
               1	-10.512060172502879
               2	3.267092138141212
               3	-0.692796492371726
              4	0.065333246840627
               5	0.012365611790682
	2.28559081364713	2.96012898222255
               0	64.990725323208352
               1	-53.414018185252743
               2	10.473126125922201
               3	-1.092799438715602
              4	0.030362940261204
               5	0.007564517823095
	1.89245002190364	2.41221366023788
               0	195.403703055148810
               1	-115.326220669729125
               2	16.669474705359232
               3	-2.024823663421322
              4	0.454045615908304
               5	-0.166509068953390
               6	0.044571816823185
               7	-0.064617098187202
X48912
	2.92937401734306	3.78481040020392
               0	11.451971320994618
               1	-10.505170368784578
               2	3.279223059585886
               3	-0.703047065692950
              4	0.067711833000443
               5	0.012403885867900
	2.31071178804812	3.00565897697238
               0	64.933851706838439
               1	-53.413652933479753
               2	10.572317151025684
               3	-1.131410656501247
              4	0.033988936072178
               5	0.015827996869405
	1.90760078580075	2.44071253507891
               0	195.314083389497398
               1	-115.321361746790103
               2	16.778603004776624
               3	-2.044392972264407
              4	0.366867233019480
               5	-0.187256995174840
               6	0.113299653328644
               7	0.002333845331882
X48913
	2.9372451436753	3.78982740031755
               0	11.451158247291941
               1	-10.503326650636428
               2	3.275821890977208
               3	-0.700246142562797
              4	0.068052635686682
               5	0.011513356451763
	2.31919932366846	3.01336236966838
               0	64.922924170151575
               1	-53.387189161931900
               2	10.537274902003183
               3	-1.117862742778734
              4	0.032538540118095
               5	0.008672642008365
	1.91727485737459	2.44903574871207
               0	195.233837812064848
               1	-115.200680758997762
               2	16.732961159906580
               3	-2.051265292178905
              4	0.482467111694940
               5	-0.200484357874501
               6	0.064201474253463
               7	-0.082133351267363
