X13177
	2.76905289478329	3.61685105558585
0	11.459064348865390
1	-10.496383777735252
2	3.270886925474857
3	-0.704747213544244
4	0.068090218333735
5	0.008436259678586
	2.15800556047993	2.84473371270517
0	64.800759840109833
1	-53.295956392352089
2	10.609456042105863
3	-1.188067744104453
4	0.071625868441210
5	-0.008294340218588
	1.76863750936376	2.28563329264356
0	194.838538025900504
1	-115.304286754457436
2	17.331456537213281
3	-2.286931339620325
4	0.443430849423226
5	-0.061653028432310
6	0.069400993414576
7	0.010587995599512
