X13204
	2.67036636235147	3.48689215975007
0	11.440224184456481
1	-10.496637229964078
2	3.287266477428880
3	-0.714293396546515
4	0.072501969129917
5	0.011841282545025
	2.08529468206157	2.74292861302771
0	64.836280027550003
1	-53.320283425895461
2	10.581091486877579
3	-1.159115848609375
4	0.062596819984278
5	-0.007826099161417
	1.71027716962169	2.20793172901313
0	194.827593536250845
1	-115.160344412230415
2	17.126550594425133
3	-2.186340780536232
4	0.519083272130756
5	-0.163220233391650
6	0.092918025144576
7	-0.077020204553530
