X21429
	2.70912453280116	3.57285890180422
0	11.634013199033573
1	-10.593863539572540
2	3.108110702368399
3	-0.602526346381070
4	0.050171866753376
5	0.002734109767045
	2.08781700437155	2.79021160929517
0	64.025596008676217
1	-52.986654307087100
2	11.384368503256450
3	-1.533356346329076
4	0.115792735763239
5	-0.007421486312713
	1.7212629931223	2.21176616098016
0	193.934123504899361
1	-114.932661381367325
2	18.140470737716036
3	-2.487911672548241
4	0.419863632839388
5	-0.119354345094712
6	0.103582392621752
7	-0.035485508118364
