X21428
	2.62267085941121	3.41293247906729
0	11.681747514853400
1	-10.620575580488062
2	3.071123782911040
3	-0.576618389444016
4	0.040956723979727
5	0.003813500572180
	2.03599935096481	2.69817918148857
0	64.224597822090757
1	-53.062283631173379
2	11.175617887474132
3	-1.431382073028459
4	0.084494240074958
5	0.004225125449915
	1.68303199084571	2.15481457114437
0	194.005395877635862
1	-114.864618714437583
2	17.835045979359524
3	-2.406541297894278
4	0.517341352349446
5	-0.146058727329316
6	0.089315205024139
7	0.031738432886130
