X21434
	2.56574898183012	3.30867282639441
0	11.708895056106371
1	-10.630315581174885
2	3.045522573078796
3	-0.564620963333904
4	0.038678221377102
5	0.002925101416827
	2.00947018790393	2.63723646399743
0	64.173269260846581
1	-53.002445290488794
2	11.186473013707209
3	-1.459161898971698
4	0.101765376535096
5	-0.009052817704474
	1.67494707296194	2.12172040170118
0	193.848798888651458
1	-114.696544853963772
2	17.899857400171417
3	-2.402917562970168
4	0.486997586051640
5	-0.182596040983977
6	0.169660086734307
7	-0.095676379358880
