X21432
	2.66839214215426	3.50325462356688
0	11.643814464439783
1	-10.608296572877395
2	3.102720152405268
3	-0.593625227716020
4	0.047506558519642
5	0.004638365496291
	2.05892062582644	2.74737073831254
0	64.160341922984699
1	-53.033109009256890
2	11.220245870788613
3	-1.445187080682214
4	0.098906957493694
5	-0.008219810701578
	1.69224765533107	2.1817331431016
0	194.208274002293450
1	-114.985733678031835
2	17.759761145828964
3	-2.338521862311992
4	0.516879410959425
5	-0.156826774583681
6	-0.000955409958845
7	-0.026678369191421
