X28073
	2.6323511554623	3.40895440927022
0	11.638612756620367
1	-10.598075128617085
2	3.111151209460710
3	-0.598936664497013
4	0.043276033387002
5	0.006185162636077
	2.0579501278344	2.70569304718888
0	64.300239544979576
1	-53.069021361291575
2	11.076569885169246
3	-1.406917492704073
4	0.096207408137502
5	-0.011932252856517
	1.70748194574732	2.17462992119251
0	194.315867811417860
1	-115.111953185426117
2	17.752971276143239
3	-2.353043178452435
4	0.523170890727515
5	-0.212617462454515
6	0.142180345033665
7	0.002646249369590
