X38515
	2.82325383727879	3.81475159100935
0	11.580486585116233
1	-10.563046638610075
2	3.151832391659413
3	-0.630628674555545
4	0.057687745955073
5	0.002751988487196
	2.13131211235125	2.91478938358313
0	63.873349382617896
1	-52.908176033669086
2	11.479463183874667
3	-1.564831235243222
4	0.121179108394165
5	-0.009597346106717
	1.72622507650704	2.26889007906487
0	193.767384858607016
1	-114.872483611953271
2	18.151053951178820
3	-2.413662612111655
4	0.450052056056204
5	-0.124541781900055
6	0.067885594995340
7	-0.069680396282153
