X38919
	2.69958056648373	3.55003118387429
0	11.534062254386235
1	-10.534513326725500
2	3.192342670115490
3	-0.661104018351393
4	0.065892154112647
5	0.003212032700727
	2.11034394456183	2.7768745984436
0	64.026458529629338
1	-53.028780800778179
2	11.415549505144323
3	-1.515480742557141
4	0.099111473275338
5	0.011896853935570
	1.75676044622071	2.22806020785874
0	194.459778851700719
1	-115.070147944940999
2	17.592012999503915
3	-2.270748750767972
4	0.415310524419028
5	-0.192062743623056
6	0.130129843873346
7	-0.039508248799603
