X38904
	2.77787256831723	3.66218157411056
0	11.596320297956158
1	-10.562124405651600
2	3.148101791881848
3	-0.630401396237348
4	0.049855243672859
5	0.002226708964844
	2.13718362049159	2.85996616323683
0	64.237717213960735
1	-53.031751893771059
2	11.109344142985577
3	-1.423048558660843
4	0.108329122815350
5	-0.018926162570319
	1.7497642887967	2.26701244223561
0	194.037892470401260
1	-114.977208106623379
2	17.911969029459378
3	-2.427302164034590
4	0.515458161743520
5	-0.136862524774971
6	0.108157266895556
7	-0.047328774948864
