X40355
	2.62282816186696	3.3645352854284
0	11.599560109717570
1	-10.584068641855726
2	3.145957821195039
3	-0.616918100530077
4	0.046658686558208
5	0.009019446763848
	2.07051481109323	2.69215098868513
0	64.537483869743525
1	-53.158179965999707
2	10.837441825986739
3	-1.297865668071580
4	0.078523082525243
5	-0.015504341794523
	1.72224946760224	2.18416811723435
0	194.726801192153630
1	-115.083058040241042
2	17.159644665243668
3	-2.170739605846336
4	0.486538385672981
5	-0.205915050002410
6	0.129276274031323
7	-0.104214850510625
