X45781
	2.69720794145614	3.49180272142522
0	11.626706310418950
1	-10.538030033389681
2	3.131946926656344
3	-0.647021893031633
4	0.048022406775207
5	-0.002261862618487
	2.12980315483219	2.77089972252695
0	64.168352590983758
1	-53.050742689769045
2	11.227241640867954
3	-1.439497775522030
4	0.097266537365394
5	-0.002200666109011
	1.78436206072633	2.24424710271565
0	194.519523818782744
1	-115.093231823282139
2	17.481172921942139
3	-2.192696505967418
4	0.444785638591519
5	-0.164686076963498
6	0.098961626427452
7	-0.031928700332108
