X45790
	2.60543759888121	3.35644080615825
0	11.643156331234559
1	-10.552115913027512
2	3.117499580299843
3	-0.633936603450849
4	0.044939762374934
5	-0.001040355758352
	2.06029648014193	2.67559353479514
0	64.281421522511010
1	-53.099619394339008
2	11.121984801783485
3	-1.390204463940179
4	0.083277843464251
5	-0.004840649852726
	1.72546518981865	2.17090341004011
0	194.632057481173547
1	-115.171791226570008
2	17.442363707624789
3	-2.175677498381402
4	0.416681299669114
5	-0.109188572011051
6	0.061826345004128
7	-0.014001150711409
