X46312
	2.7815982752077	3.63777337425957
0	11.544103072750472
1	-10.551757677466625
2	3.192859535486180
3	-0.650557152921276
4	0.057038536351493
5	0.007695748323314
	2.16814306779117	2.86018365185133
0	64.320965708571549
1	-53.099408882942939
2	11.061391358568811
3	-1.376762815512232
4	0.087064889401058
5	-0.007705344759276
	1.7929812291977	2.2930545052816
0	194.271905877100664
1	-114.960014916003715
2	17.571275382672866
3	-2.216966731355002
4	0.428101420642013
5	-0.140955476895846
6	0.108781586516902
7	-0.038261744109430
