X46310
	2.84035715328794	3.73304072150014
0	11.604069061702784
1	-10.537960769422911
2	3.154076158788887
3	-0.649753907285652
4	0.046944252636162
5	0.000611525343776
	2.19936937766855	2.9229342375509
0	64.293254252502322
1	-53.113840553829632
2	11.122099583932897
3	-1.390157887864682
4	0.090743537551336
5	0.000087577199953
	1.80823055963646	2.32936720305149
0	194.465594397853323
1	-115.090618830266962
2	17.606806636492255
3	-2.230269653019440
4	0.397092145855668
5	-0.138276232245145
6	0.090970783938196
7	-0.028947056296674
