X46311
	2.86495495585352	3.79118360655863
0	11.519175927774766
1	-10.535594074022709
2	3.213077711191623
3	-0.665939625478732
4	0.062197962263856
5	0.006759228551566
	2.21327977280157	2.949163953663
0	64.217010872244430
1	-53.058696295816937
2	11.158409307287050
3	-1.417124599064631
4	0.098512735527769
5	-0.012870067113778
	1.81588927937677	2.34520011531722
0	194.478859277640481
1	-115.240290043615531
2	17.666207046344962
3	-2.254058552866862
4	0.432851331613874
5	-0.143686817188081
6	0.085575787371550
7	0.028303880667402
