X46308
	2.85821013852597	3.77388139667162
0	11.527685703687021
1	-10.535128286391759
2	3.206019061336283
3	-0.662263867783258
4	0.060920252308356
5	0.004941178146057
	2.21206491886837	2.94158682140161
0	64.240877135184476
1	-53.083471239184497
2	11.155872827756189
3	-1.406330163359817
4	0.083422139349528
5	-0.000255092319198
	1.81937669997142	2.34313211332333
0	194.264587867559385
1	-114.950604308875412
2	17.601189973751541
3	-2.316935899233540
4	0.516618253442476
5	-0.158662912705524
6	0.128010907361201
7	-0.062237494671161
