X46306
	2.85674301227426	3.77526589946255
0	11.519619740799227
1	-10.533007547395480
2	3.210997250142384
3	-0.665014902351389
4	0.062487526719370
5	0.005605300002292
	2.20977216404886	2.94013859394428
0	64.259725514045812
1	-53.115813524732637
2	11.181019917054346
3	-1.413133689719303
4	0.084075450194825
5	0.006494675160515
	1.81687470889078	2.34075144293967
0	194.395025560711787
1	-115.030263279557943
2	17.611974323487264
3	-2.309453569833718
4	0.439831241860998
5	-0.152994976039515
6	0.110468286546708
7	-0.014090409967292
