X46586
	2.56231551856954	3.32501444347327
0	11.586077339398621
1	-10.572618389027655
2	3.152478722057125
3	-0.630376559727646
4	0.057027348790768
5	0.005915333251365
	2.01849012273005	2.63304178908047
0	64.128714557982704
1	-53.027822585794624
2	11.254924305533640
3	-1.450928353239119
4	0.091290380474090
5	-0.008249576277221
	1.68949310654832	2.12804758695443
0	194.369813991034817
1	-114.984405275094545
2	17.503172159813271
3	-2.218927311871526
4	0.530931951756524
5	-0.198000274375690
6	0.123220567837709
7	-0.192608008979753
