X46701
	2.62635314961318	3.43840110812805
0	11.554371585523741
1	-10.553611242969074
2	3.178181383983744
3	-0.648136680374981
4	0.062506517027958
5	0.005308566314137
	2.05594044760706	2.70087756451214
0	64.059950731138130
1	-52.987817579218223
2	11.301130872435250
3	-1.479958232378308
4	0.108036834744242
5	-0.014634350089510
	1.71138715172537	2.17018738011989
0	194.424123084010716
1	-115.007215798105491
2	17.525273781743877
3	-2.271505902321421
4	0.524200774206030
5	-0.186012256268312
6	0.081583950615682
7	-0.123708803953877
