X46924
	2.60761949852624	3.43493248620202
0	11.423932234864090
1	-10.452499300962192
2	3.268943107144958
3	-0.735590693168549
4	0.096491232421674
5	-0.001408108467166
	2.08024129461491	2.67950175673565
0	63.604534251250733
1	-52.857873392169196
2	11.757104992215030
3	-1.612186254811433
4	0.093692049159991
5	0.003858013763279
	1.76416985338858	2.18432615764737
0	194.747898468339059
1	-115.304888731793710
2	17.270650766509558
3	-2.076290984679713
4	0.434368425474410
5	-0.147398781930357
6	0.061090343703872
7	-0.006505427571877
