X48791
	2.93933671074094	3.8014137597361
0	11.446154856665872
1	-10.498890224581762
2	3.279604079058419
3	-0.704913109201102
4	0.069314226543780
5	0.011174253792906
	2.31622302293365	3.01612947191306
0	64.908732493864164
1	-53.379891214731003
2	10.552262373903458
3	-1.130777527659072
4	0.039984415485357
5	0.005192790599759
	1.91193182747421	2.44693915381928
0	195.319921494586992
1	-115.444443612190653
2	16.907371069929940
3	-2.041284609885960
4	0.369315805235362
5	-0.145145688227552
6	0.051873884003452
7	0.037461117366767
