X48798
	2.89578462759949	3.71616663855839
0	11.466508033607747
1	-10.512378137307296
2	3.263637239142651
3	-0.691136556278826
4	0.064822552418283
5	0.012260417133653
	2.29512017346545	2.96943016182542
0	64.957256212828440
1	-53.377576021678401
2	10.479945095161270
3	-1.108143396798156
4	0.036419381102463
5	0.005748590548342
	1.90171974573662	2.42149593204283
0	195.364792333867143
1	-115.365025333816760
2	16.776272557674901
3	-2.013280318087404
4	0.366734860023577
5	-0.147895650364658
6	0.078016248875074
7	-0.011167136701035
