X48790
	3.08652679548343	3.94852017535281
0	11.449313496201933
1	-10.500737915814955
2	3.278507634350434
3	-0.705628848321185
4	0.068076414256576
5	0.011233179538107
	2.46340907063875	3.16329097881866
0	64.894687050741709
1	-53.350784736624604
2	10.538592272629046
3	-1.131757357996881
4	0.045317749616064
5	-0.001329657711631
	2.05844944687568	2.59408186899286
0	195.236430769781407
1	-115.314012789839381
2	16.846929079786893
3	-2.026891129318303
4	0.390369910627937
5	-0.174150205294533
6	0.080098116192808
7	-0.007863573177568
