X48794
	2.90017289823685	3.72777056821477
0	11.459575758735424
1	-10.507292808330492
2	3.268088325139399
3	-0.694788696686307
4	0.066199709607128
5	0.011666457523423
	2.29617949598725	2.97425092724658
0	64.930663304362099
1	-53.358130709756935
2	10.497488035200691
3	-1.124796421428773
4	0.047187673548279
5	-0.003112469392296
	1.90296581530729	2.42307033432938
0	195.145636108387862
1	-115.236037230745609
2	16.871508903046337
3	-2.077585216129462
4	0.442885499520157
5	-0.213636821090418
6	0.119006696265221
7	-0.010099283956771
