X48795
	2.92164914015678	3.76327736984413
0	11.45638147392364
1	-10.504451822373817
2	3.270158208148528
3	-0.698234040369357
4	0.067026149728074
5	0.011274798592348
	2.30991383511471	2.99687740683495
0	64.924534249490435
1	-53.383099030883862
2	10.530266632567168
3	-1.120728178017726
4	0.038149220971476
5	0.002252692560057
	1.91235386643194	2.43830241590382
0	195.223079348240048
1	-115.265993443369865
2	16.843401383151082
3	-2.073412650784280
4	0.440464228836855
5	-0.217735112711699
6	0.115183178554113
7	-0.012017838223144
