X48797
	2.89682132722172	3.71881070523109
0	11.466598909027786
1	-10.512083433005825
2	3.263363091967979
3	-0.692197122592505
4	0.064619930729377
5	0.011964337254688
	2.29430332416007	2.97059870795091
0	64.998750156079055
1	-53.420038455846793
2	10.473165653047245
3	-1.095437169162521
4	0.028263001443471
5	0.010356660167007
	1.89916265543918	2.42129889240366
0	195.395633962870533
1	-115.332919186005711
2	16.691300967115417
3	-2.013198048111200
4	0.403535639836120
5	-0.200241914273346
6	0.110007422783888
7	-0.016096717989665
