X48792
	2.88110597973897	3.69682957039628
0	11.465865307899485
1	-10.511632326231204
2	3.263572382195163
3	-0.691166921111612
4	0.064864896014738
5	0.012021865643570
	2.28315354347179	2.95428379923073
0	64.956336382585590
1	-53.364738566177934
2	10.472679334351060
3	-1.120197658802970
4	0.046860040199318
5	-0.002608153210033
	1.89273677216015	2.40887675752317
0	195.149399262350386
1	-115.183213419873837
2	16.831217615735632
3	-2.079283610708813
4	0.403883466609643
5	-0.161542145575302
6	0.116522004510145
7	-0.043662292996693
