X48801
	2.90379864396535	3.73332440246088
0	11.467744178800290
1	-10.514711337202913
2	3.265913520040919
3	-0.693338110792570
4	0.064772088736928
5	0.012619567214964
	2.29812214857767	2.97822135057246
0	64.964433754520741
1	-53.410279738301746
2	10.525686709134186
3	-1.126441634511115
4	0.045827768338232
5	0.006246187921578
	1.90366694380775	2.42564230789919
0	195.245781714605101
1	-115.367088181006522
2	16.879713537097029
3	-2.088489395489742
4	0.380743245081594
5	-0.165452744728652
6	0.106585185318954
7	0.054670148742113
