X48800
	2.91957240957688	3.75900849023482
0	11.458837724662025
1	-10.506592789151867
2	3.268782730395240
3	-0.695772810259012
4	0.066508480435546
5	0.012042326860913
	2.30898311909736	2.99471302499681
0	64.903708255695562
1	-53.356585638850781
2	10.528361054820813
3	-1.128686373429398
4	0.040777163856148
5	0.003804633850155
	1.91054137948261	2.43715112408848
0	195.323457461961936
1	-115.386479422529291
2	16.827343415995166
3	-2.047940765118632
4	0.388627818521352
5	-0.140474256347317
6	0.057116538383423
7	0.046859781229109
