X48802
	2.95299691516436	3.82094802470357
0	11.444504445148052
1	-10.499275024126126
2	3.283061691135637
3	-0.707798244595553
4	0.068992453465748
5	0.011589500066517
	2.32799670503776	3.03018346195282
0	64.860305810026034
1	-53.333092944344088
2	10.566212326154421
3	-1.143749389191266
4	0.045490033197256
5	-0.001760373608775
	1.92235306078981	2.45878575586657
0	195.159101359718249
1	-115.219540180279907
2	16.847952456898579
3	-2.045827626315250
4	0.401129730004870
5	-0.196088474679126
6	0.093351550422388
7	-0.004258914125122
