X48910
	2.91571072730595	3.75846120218555
0	11.458225956893589
1	-10.510424518606520
2	3.275614195792191
3	-0.699313600061843
4	0.066106580153299
5	0.013278021359128
	2.30382015017965	2.99109184022809
0	64.952392450475912
1	-53.409816526411070
2	10.538388464689033
3	-1.122438058034412
4	0.036657556321242
5	0.011807072435924
	1.90424638371708	2.43256978061014
0	195.323614237048161
1	-115.349779409494971
2	16.785249162478884
3	-2.038291677324062
4	0.369552101962100
5	-0.188303052689260
6	0.119790634104140
7	0.021449429277811
