X48912
	2.92937401734306	3.78481040020392
0	11.451971320994618
1	-10.505170368784578
2	3.279223059585886
3	-0.703047065692950
4	0.067711833000443
5	0.012403885867900
	2.31071178804812	3.00565897697238
0	64.933851706838439
1	-53.413652933479753
2	10.572317151025684
3	-1.131410656501247
4	0.033988936072178
5	0.015827996869405
	1.90760078580075	2.44071253507891
0	195.314083389497398
1	-115.321361746790103
2	16.778603004776624
3	-2.044392972264407
4	0.366867233019480
5	-0.187256995174840
6	0.113299653328644
7	0.002333845331882
