X40212
	2.60828592859197	3.33826063642505
			0	11.613011145348
			1	-10.59227141087
			2	3.1353543887082
			3	-0.609751904382
			4	4.5341867694118
			5	8.8460111503288
	2.06047395105386	2.67685393983516
			0	64.640019318979
			1	-53.25011831603
			2	10.791291132077
			3	-1.247124543529
			4	6.0113590313997
			5	-1.310549011810
	1.71433621542604	2.17338710502567
			0	194.90027554345
			1	-115.1008014563
			2	17.105791536696
			3	-2.174561886343
			4	0.4443793098945
			5	-0.169694873257
			6	0.1168674126592
			7	-3.459678551407
