X40248
	2.73701831723358	3.55883490785553
			0	11.561150337516
			1	-10.56212946247
			2	3.1783802053597
			3	-0.638746519816
			4	5.3973601870824
			5	8.2207208348359
	2.14025213615334	2.81289577738274
			0	64.462365738343
			1	-53.19584306277
			2	10.972028634540
			3	-1.312952045160
			4	6.1936203213415
			5	3.0024698448582
	1.76845080373897	2.26254527158297
			0	194.81097924359
			1	-115.2059684805
			2	17.282543021428
			3	-2.152533410478
			4	0.4320276160910
			5	-0.153376084785
			6	0.1311642500117
			7	-7.236749818840
