X40297
	2.6746047946263	3.45324336731417
			0	11.580633850117
			1	-10.57420429225
			2	3.1614114162546
			3	-0.627900549003
			4	5.0780280370993
			5	9.4638041206890
	2.10091018251829	2.7469856328788
			0	64.562191382115
			1	-53.24754373265
			2	10.898484812978
			3	-1.275019151311
			4	4.6828131060469
			5	1.2784094151386
	1.74079432157045	2.21889329626903
			0	194.84827605308
			1	-115.0984427752
			2	17.152313730299
			3	-2.136014606891
			4	0.4652892488639
			5	-0.271787142147
			6	0.1357653188114
			7	-3.326791260562
