X40298
	2.55556150546378	3.25524664450972
			0	11.625710364573
			1	-10.59999796766
			2	3.1238941041104
			3	-0.603423601928
			4	4.3509717326999
			5	8.8060625591582
	2.02624579147156	2.62155238620886
			0	64.650337149181
			1	-53.24086431725
			2	10.778997980175
			3	-1.246623307753
			4	4.4131549241096
			5	8.3082511861781
	1.68981009551842	2.13610809727102
			0	195.06120582903
			1	-115.4488733616
			2	17.153375016157
			3	-2.145718803634
			4	0.4962371009157
			5	-0.156081921892
			6	2.4345295313749
			7	6.0080292617539
