X40250
	2.69662697387065	3.4836501788278
			0	11.565423674897
			1	-10.56660566076
			2	3.1767824788203
			3	-0.637990747342
			4	5.3354842479590
			5	9.2343118272818
	2.12025055756533	2.76931105418167
			0	64.555864093179
			1	-53.21746384925
			2	10.879090609502
			3	-1.288674889493
			4	7.0098170247969
			5	-3.288538668287
	1.75799936994532	2.2391067447862
			0	194.91958182366
			1	-115.3175097825
			2	17.155649433377
			3	-2.186112814136
			4	0.5072886222759
			5	-0.146816836627
			6	4.8357970517966
			7	4.4030097010287
