X40327
	2.74757376408784	3.57183593457902
			0	11.556701211660
			1	-10.55781416896
			2	3.1780438128820
			3	-0.642925927286
			4	5.5726588342407
			5	8.0413991900056
	2.15031894795356	2.82344636430761
			0	64.403430725455
			1	-53.12323457409
			2	10.972007670555
			3	-1.335556120850
			4	8.3372154120638
			5	-1.569043141428
	1.77731834397693	2.27259805966503
			0	194.81935179011
			1	-115.3659136277
			2	17.309717885114
			3	-2.180570350421
			4	0.5038510075637
			5	-0.161305948772
			6	0.0630741736446
			7	2.2590761899700
