X40314
	2.6393091094957	3.38372773015161
			0	11.600800765299
			1	-10.58429562977
			2	3.1426451633174
			3	-0.618694102029
			4	4.8188578784445
			5	9.3654105343724
	2.08501235509586	2.70891235210343
			0	64.562075348415
			1	-53.19767499720
			2	10.846931553112
			3	-1.285946719786
			4	7.1998191374011
			5	-7.761776693306
	1.73484357675587	2.19925937641205
			0	194.82717583363
			1	-115.1194625005
			2	17.072131813652
			3	-2.154008607107
			4	0.5148573159969
			5	-0.206812491744
			6	9.5314689492487
			7	-6.106840485013
