X40315
	2.60276471348694	3.33094037898134
			0	11.612062195283
			1	-10.58914583566
			2	3.1330239002448
			3	-0.612502120901
			4	4.6022832926320
			5	8.6452004802273
	2.05677500073377	2.67105339993907
			0	64.638741559768
			1	-53.26993867388
			2	10.830968177161
			3	-1.261089714631
			4	4.9890727728348
			5	6.6781462818398
	1.71195874186791	2.16959476691858
			0	194.76704334176
			1	-115.0462097694
			2	17.143555543861
			3	-2.190434194521
			4	0.4354876402088
			5	-0.225050523776
			6	0.1152173238200
			7	-0.025511946189
