X40570
	2.69063993254325	3.48644082244975
			0	11.577700363445
			1	-10.57478115565
			2	3.1620644531126
			3	-0.634404579296
			4	5.1667879250836
			5	8.2776207944711
	2.11009426476134	2.76433022352968
			0	64.398610112456
			1	-53.10310113015
			2	10.970495006403
			3	-1.345443543572
			4	8.3827190510472
			5	-1.756734109446
	1.74850742618188	2.22845243498394
			0	194.83143239540
			1	-115.3004908125
			2	17.344681460784
			3	-2.215272229040
			4	0.4551964416887
			5	-0.118315613896
			6	1.8753190699741
			7	5.1128585271925
