X40535
	2.74884793219501	3.5683808476814
			0	11.572629383991
			1	-10.55849817110
			2	3.1734099801435
			3	-0.640092097926
			4	5.3884509788923
			5	9.6311760106117
	2.15301539281675	2.82464478237154
			0	64.443713861016
			1	-53.16103713022
			2	10.962983933055
			3	-1.335027725565
			4	8.0296096924279
			5	5.5369735583710
	1.78093144402041	2.27534685695255
			0	194.65424075989
			1	-115.1744457197
			2	17.306276800372
			3	-2.201268037724
			4	0.4452959387932
			5	-0.213303169232
			6	0.1135838523646
			7	2.8245710799996
