X40541
	2.73499943920055	3.55222013862655
			0	11.558274358842
			1	-10.55967327671
			2	3.1774348103606
			3	-0.639334227656
			4	0.0530364021634
			5	7.6453989094436
	2.14174430389896	2.81018052727907
			0	64.411055483067
			1	-53.13348097379
			2	10.999467984430
			3	-1.371479801923
			4	0.1002563869900
			5	-1.487152721114
	1.77833665454644	2.2624375385819
			0	193.21270774878
			1	-113.1554686718
			2	16.743283489441
			3	-2.113752878494
			4	0.4504572630978
			5	-0.120615623253
			6	3.1255072788363
			7	-3.668217678112
