X40565
	2.66028670329623	3.43012901151487
			0	11.582727292470
			1	-10.57479127895
			2	3.1597583012758
			3	-0.629058370283
			4	4.9991407619179
			5	9.1625499627081
	2.09410337746931	2.73180755741985
			0	64.520805435436
			1	-53.21825326521
			2	10.932670132638
			3	-1.298886223904
			4	5.3358531167009
			5	7.2100706901201
	1.74014643597295	2.21056069923606
			0	194.72009650493
			1	-115.1000085201
			2	17.228661797303
			3	-2.207940218163
			4	0.5097991364598
			5	-0.137207614537
			6	3.0579121437153
			7	5.5408900282935
