X40566
	2.60004612013227	3.33429752582804
			0	11.608265100179
			1	-10.59051926028
			2	3.1398871508865
			3	-0.614677279622
			4	4.5110297656697
			5	9.4801345373197
	2.05317463098023	2.66884829660092
			0	64.615159244505
			1	-53.29071426142
			2	10.904355029640
			3	-1.287054259450
			4	4.1173402197046
			5	3.7901004151577
	1.71063854427317	2.1660859760393
			0	194.64086477734
			1	-114.8706152583
			2	17.202017487034
			3	-2.280923022389
			4	0.5378108964959
			5	-0.251425446896
			6	0.1276834453971
			7	-0.138481266990
