X40563
	2.64782646734851	3.39941883868904
			0	11.593559478490
			1	-10.58326704978
			2	3.1530229281557
			3	-0.621977918462
			4	0.0468622732261
			5	9.5747772231306
	2.09108123229643	2.7179039775154
			0	64.614865390427
			1	-53.29177811902
			2	10.901761309544
			3	-1.279270096685
			4	3.6039236453252
			5	3.1613993151071
	1.74096751671997	2.20609494521265
			0	194.89177644508
			1	-115.1372181138
			2	17.162109479647
			3	-2.237597045970
			4	0.5191987907680
			5	-0.212586228544
			6	9.0731950370789
			7	-6.737634205347
