X40564
	2.64922129435969	3.42108712985776
			0	11.588602339803
			1	-10.57610766081
			2	3.1519189552507
			3	-0.625421595483
			4	5.0054619248228
			5	8.0783237087368
	2.08142623707449	2.7209998543669
			0	64.485860808096
			1	-53.20173605731
			2	10.964815879135
			3	-1.315740053947
			4	5.7212341583515
			5	9.9122093988985
	1.73076298223019	2.19785361404439
			0	194.36478534124
			1	-114.8098914133
			2	17.386348366522
			3	-2.225892380697
			4	0.4971372253727
			5	-0.190797015243
			6	8.4750885411209
			7	-8.149254334678
