X40537
	2.70701194493253	3.50801821084001
			0	11.587246591750
			1	-10.57031104704
			2	3.1618314298154
			3	-0.630448241481
			4	5.1288235036392
			5	9.3445473806746
	2.12090630247678	2.78134477591951
			0	64.490557233046
			1	-53.19845433840
			2	10.957538380356
			3	-1.319118048980
			4	6.2159945487249
			5	0.0136954029182
	1.75502402466809	2.24106076547166
			0	194.93161161965
			1	-115.3349035917
			2	17.274825299503
			3	-2.142048330300
			4	0.4565521264781
			5	-0.198290533039
			6	8.1998505966780
			7	1.8864911696444
