X40731
	2.53671325863163	3.32886915042793
			0	11.580309556029
			1	-10.54853258797
			2	3.1399133869014
			3	-0.643602922387
			4	6.9748554482419
			5	3.0628457789290
	1.99668531145046	2.60937451732808
			0	63.721710828415
			1	-52.89439185245
			2	11.647224127364
			3	-1.574999258183
			4	8.9973151901385
			5	-4.867067850827
	1.6771089621895	2.10335818677388
			0	194.33847220386
			1	-115.0602211825
			2	17.691314742916
			3	-2.346722909521
			4	0.5865685833904
			5	-0.159493251753
			6	3.4604768138537
			7	-5.269997569313
