X40900
	2.61581315897067	3.35795782018996
			0	11.601097660134
			1	-10.58760828723
			2	3.1452739031035
			3	-0.616262818504
			4	4.7902927735457
			5	9.6658084153002
	2.0645224547092	2.68517427794053
			0	64.536706765322
			1	-53.18199193103
			2	10.870087267265
			3	-1.299788227858
			4	6.9831292867502
			5	-7.266967742267
	1.71783894663975	2.17766570135327
			0	194.96636127896
			1	-115.2407390744
			2	17.117167480432
			3	-2.197606349552
			4	0.4954078771376
			5	-0.147355994287
			6	4.7340040342938
			7	-5.920293671443
