X40907
	2.64548952083249	3.39495378862033
			0	11.588793557992
			1	-10.57832580461
			2	3.1531553553737
			3	-0.623308167745
			4	5.0493449703923
			5	8.0078673539177
	2.09012919194352	2.71525927796944
			0	64.598292260852
			1	-53.28476314407
			2	10.916299460117
			3	-1.287976145005
			4	4.2310753833064
			5	3.4698342031523
	1.74082918698443	2.20513580282415
			0	194.85493973171
			1	-115.2701442007
			2	17.182949655534
			3	-2.206185430246
			4	0.4726546650508
			5	-0.155578289878
			6	9.2289949188149
			7	5.1968745261918
