X40911
	2.63856069501703	3.39363877231021
			0	11.590489134427
			1	-10.57965988770
			2	3.1529024738607
			3	-0.622541617842
			4	4.9206678143902
			5	8.9765034204486
	2.08010939041033	2.70890193560554
			0	64.541796086793
			1	-53.21341135741
			2	10.896727202297
			3	-1.290209450603
			4	5.4501894680932
			5	9.2414081908221
	1.72999830467429	2.19551799716789
			0	194.65214902044
			1	-115.1295766622
			2	17.230854418379
			3	-2.198265659109
			4	0.5627867990258
			5	-0.214167349947
			6	0.1324685615691
			7	-7.615800533892
