X40917
	2.64062241569034	3.40072947362895
			0	11.598737630853
			1	-10.57854737917
			2	3.1443524545705
			3	-0.620630670032
			4	4.8783185302409
			5	8.6545478868008
	2.07859103708274	2.71148892214211
			0	64.505052466797
			1	-53.18407014551
			2	10.914894296214
			3	-1.309675780564
			4	6.9537339978473
			5	-2.514493844642
	1.72733040223698	2.19372726470643
			0	194.79243782326
			1	-115.2032233149
			2	17.325682947870
			3	-2.205853819984
			4	0.4160429706939
			5	-0.180440602784
			6	0.0938952058586
			7	6.9238906993747
