X40948
	2.75961109568746	3.60033873085743
			0	11.550079021359
			1	-10.55660224189
			2	3.1879783470370
			3	-0.646259766137
			4	5.6133771861348
			5	9.1494477281296
	2.15423575835014	2.83681777220288
			0	64.385882471702
			1	-53.13888100463
			2	11.024061357278
			3	-1.350495035114
			4	8.2868987279392
			5	-1.528293893405
	1.78178667144114	2.27777322976198
			0	194.46100906915
			1	-115.0913360485
			2	17.536053853873
			3	-2.290286976879
			4	0.5398417674540
			5	-0.210002991608
			6	7.5070471627964
			7	1.2083882279221
