X40946
	2.75917623976694	3.59886653664807
			0	11.545400559304
			1	-10.55130781524
			2	3.1869927211619
			3	-0.646618524571
			4	5.6903808630775
			5	7.8613404063399
	2.15374153095884	2.8362576116466
			0	64.40576956287
			1	-53.16045681398
			2	11.012576551154
			3	-1.340408648469
			4	7.2348556644985
			5	8.2068536964444
	1.7779839424029	2.27799917083956
			0	194.65645054565
			1	-115.2450505118
			2	17.339782625284
			3	-2.166318551267
			4	0.4990834075354
			5	-0.132536874112
			6	6.3714307475012
			7	-1.791880729848
