X40943
	2.73535753575211	3.54874314357448
			0	11.557654832498
			1	-10.56061879840
			2	3.1795361109884
			3	-0.639829772721
			4	5.2601123485408
			5	8.5903416412077
	2.1444682517377	2.8101569670417
			0	64.445900858756
			1	-53.15457571464
			2	10.969083990151
			3	-1.340410937064
			4	0.0783302274763
			5	-2.546785345655
	1.77455054013858	2.26522902788642
			0	195.03772340308
			1	-115.4450085237
			2	17.276681608948
			3	-2.245074095454
			4	0.4760452599546
			5	-2.630214317479
			6	-0.108854793259
			7	0.1534921608882
