X40949
	2.7463078184355	3.56811629111368
			0	11.554766057221
			1	-10.55951920545
			2	3.1839754792796
			3	-0.643226613003
			4	5.5030996243940
			5	9.1345355224700
	2.15065809095	2.82185570670692
			0	64.456453287344
			1	-53.17435960229
			2	10.967793091373
			3	-1.317292087637
			4	6.6781995824051
			5	-7.226458721974
	1.77961568059005	2.27259460525212
			0	194.75232137097
			1	-115.1630083111
			2	17.267941825793
			3	-2.196498495201
			4	0.4948717919598
			5	-0.182273235177
			6	5.1645833244849
			7	4.0521641376498
