X40903
	2.62573155896347	3.3695243196372
			0	11.597175916573
			1	-10.58603663186
			2	3.1495278800580
			3	-0.618944773978
			4	4.8151623267179
			5	1.0575026145005
	2.074519095744	2.69523029084094
			0	64.507079413131
			1	-53.16391628932
			2	10.884675532351
			3	-1.304350199697
			4	6.8165076521520
			5	-3.815603713216
	1.72595146800697	2.18735111546819
			0	195.08701977871
			1	-115.2312515795
			2	17.020866269605
			3	-2.213876624305
			4	0.4946290812699
			5	-0.167196857362
			6	5.2372373489902
			7	1.0614571821127
