X40939
	2.58968326031268	3.3082857311923
			0	11.629809334267
			1	-10.60333110064
			2	3.1229659842371
			3	-0.602917539016
			4	4.2331615839957
			5	1.0435404637806
	2.05053438088119	2.65743449967133
			0	64.570505461656
			1	-53.21287782512
			2	10.868010293396
			3	-1.286007150264
			4	5.6104029979905
			5	4.0264693045804
	1.71404712486194	2.16183980898872
			0	194.65603050443
			1	-115.2227814920
			2	17.452787743098
			3	-2.253781422435
			4	0.4880568175332
			5	-0.129725048768
			6	-1.056017895695
			7	-6.129699047016
