X40945
	2.75246480960198	3.57833562027308
			0	11.549935396319
			1	-10.55611917486
			2	3.1862723828879
			3	-0.646534204676
			4	0.0552231662490
			5	6.6169300695749
	2.15499989103501	2.82818450926195
			0	64.456032027861
			1	-53.19590078625
			2	11.022606611266
			3	-1.360901005552
			4	7.5541324203169
			5	1.8716407359829
	1.78460024855768	2.27735764025847
			0	194.73364343860
			1	-115.3219015937
			2	17.475772291459
			3	-2.288353711467
			4	0.3476067235927
			5	1.6162227085389
			6	-0.159406658030
			7	0.2156589010376
