X41198
	2.82683828855264	3.78801997410289
			0	11.498889010118
			1	-10.51759148378
			2	3.2220558682575
			3	-0.680917012205
			4	7.0367737616860
			5	4.6175018643819
	2.17305531908746	2.91329493662409
			0	63.933737341514
			1	-52.97947771647
			2	11.470827820349
			3	-1.526620810172
			4	9.4652304309741
			5	6.0767961456455
	1.78765511951255	2.30345510918526
			0	193.93494549877
			1	-114.8052541167
			2	17.930322295588
			3	-2.374519230556
			4	0.5623281514932
			5	-0.199882106430
			6	7.3766508991896
			7	-0.126126356110
