X41297
	2.69846578248589	3.55269307480616
			0	11.561373883986
			1	-10.55771548309
			2	3.1704883282257
			3	-0.642868518112
			4	5.9149614547681
			5	5.6620537562791
	2.09530143360991	2.77696400511989
			0	64.068900860499
			1	-52.98536186416
			2	11.302637514172
			3	-1.493520662370
			4	0.1054151847937
			5	-5.883306453200
	1.73451548558827	2.21615779714009
			0	194.26482923902
			1	-115.1321958144
			2	17.897295470224
			3	-2.352099946534
			4	0.4901406043111
			5	-0.103589806004
			6	-3.985073803770
			7	1.9459987775413
