X41207
	2.59054605062027	3.35757205771685
			0	11.596022925163
			1	-10.57796682497
			2	3.1440945727535
			3	-0.623617320730
			4	5.3663625587453
			5	6.2906212857448
	2.03542245318375	2.6618777396812
			0	64.279204210999
			1	-53.13420544066
			2	11.197550888247
			3	-1.424321049435
			4	7.3889842163100
			5	2.5419854989177
	1.69968348493137	2.14803393670475
			0	194.11069646648
			1	-114.7718684197
			2	17.711667211445
			3	-2.461128614501
			4	0.5315675385244
			5	-0.162073163764
			6	7.9465843596880
			7	-2.885316280370
