X41290
	2.68779718674732	3.53498105184052
			0	11.561517246867
			1	-10.54836259439
			2	3.1685472188401
			3	-0.650649285485
			4	5.9120613341494
			5	3.8298067312560
	2.09101678771747	2.76542746559018
			0	64.099420807502
			1	-53.02882133356
			2	11.310163528969
			3	-1.476673092287
			4	9.7601685742170
			5	-4.561028843480
	1.73401266773048	2.21099384019939
			0	194.20835647927
			1	-115.0594620493
			2	17.758670426613
			3	-2.285287140384
			4	0.4572308853771
			5	-0.151343520208
			6	9.4734425769683
			7	2.8709458156636
