X41254
	2.82480213580216	3.745293164144
			0	11.743965814663
			1	-10.50528953521
			2	3.0611081018385
			3	-0.636337629622
			4	3.4150696709251
			5	-1.344010887609
	2.16738463040682	2.91160419613065
			0	63.888146312550
			1	-52.89745965897
			2	11.435630560000
			3	-1.547739869003
			4	0.1279531299175
			5	-2.862724336001
	1.78006955678707	2.29806779971489
			0	193.83379654891
			1	-114.8598961168
			2	18.056413227485
			3	-2.395372242743
			4	0.4765866506079
			5	-0.144309994055
			6	0.1049527339485
			7	-1.827041548776
