X41210
	2.71840502890535	3.58660991102386
			0	11.558825918867
			1	-10.55144014227
			2	3.1728187247700
			3	-0.645211836137
			4	5.9481563585778
			5	6.3625761685480
	2.10625554349406	2.79818426387884
			0	64.090062108285
			1	-53.03704307980
			2	11.316245558766
			3	-1.472786796513
			4	9.7642556039605
			5	-5.337856813690
	1.74146250859296	2.22901453304697
			0	194.04650919578
			1	-114.9102958948
			2	17.933130623374
			3	-2.391524809620
			4	0.4999242018139
			5	-0.294528757343
			6	0.1704995530156
			7	-7.315444575808
