X41293
	2.56549778735937	3.31603231926333
			0	11.617869437370
			1	-10.58920691530
			2	3.1230376229438
			3	-0.608637306753
			4	4.6825763586790
			5	6.4126060336314
	2.01443951049779	2.63582854226891
			0	64.320296355591
			1	-53.11034669735
			2	11.100998052306
			3	-1.401611931625
			4	8.6554511030098
			5	-7.682443621269
	1.67922932958409	2.12634746130416
			0	194.32365285462
			1	-115.0575970483
			2	17.702183962613
			3	-2.393437857352
			4	0.5558324801994
			5	-0.196305478823
			6	0.1096239617941
			7	-9.931831412653
