X41278
	2.72406461180689	3.59555133184175
			0	11.566878537024
			1	-10.56072138162
			2	3.1682159841773
			3	-0.638340914782
			4	0.0567804535607
			5	0.0074994780903
	2.10675630219554	2.80432448280471
			0	64.144237930864
			1	-53.06558181628
			2	11.290370532704
			3	-1.456004197365
			4	0.0828940545827
			5	1.0935807418460
	1.73767884389988	2.23111584301748
			0	194.04037939251
			1	-114.8823476728
			2	17.875247789375
			3	-2.406557393607
			4	0.4986408532050
			5	-0.222420682034
			6	0.1190250947394
			7	-1.496135111163
