X41289
	2.84222795391871	3.79769188851333
			0	11.612417982590
			1	-10.51405634683
			2	3.1437477522083
			3	-0.665158183405
			4	5.1628496101519
			5	-5.150974124077
	2.18075253946678	2.92986043490725
			0	63.866895735173
			1	-52.90613855313
			2	11.492118239643
			3	-1.572116406323
			4	0.1369092893978
			5	-2.072773685889
	1.79229024887637	2.31171093792882
			0	193.89712708180
			1	-114.8099915111
			2	17.934286573310
			3	-2.360340835194
			4	0.4701185943086
			5	-0.226196692512
			6	0.1558829898227
			7	-0.040084044311
