X41277
	2.83322818540287	3.80578967871232
			0	11.503349940897
			1	-10.52065380320
			2	3.2193782446812
			3	-0.677113848887
			4	7.0266410467269
			5	5.5029814364827
	2.17256440337754	2.92078206667935
			0	63.892040783810
			1	-52.94284162526
			2	11.497937821704
			3	-1.559476112532
			4	0.1195354906847
			5	-5.703709175689
	1.78479518143931	2.3036878496369
			0	193.92153245804
			1	-114.8685839145
			2	18.025215962591
			3	-2.433079317934
			4	0.5038076391635
			5	-0.203367302446
			6	0.1203523453253
			7	-5.681015790653
