X41264
	2.69163948937691	3.53331156001548
			0	11.587916903810
			1	-10.57220042894
			2	3.1511426813275
			3	-0.629855731622
			4	5.3807214707911
			5	6.6088052119501
	2.08964689428789	2.76958342671006
			0	64.135591446259
			1	-53.00817264461
			2	11.243511754962
			3	-1.472982855476
			4	0.1037324010744
			5	-5.899968817613
	1.72779622851527	2.21054855736725
			0	194.22798892175
			1	-115.0342744973
			2	17.823677370711
			3	-2.386383604618
			4	0.4853271121039
			5	-0.166616062482
			6	4.5332481731796
			7	1.3440922978087
