X41241
	2.59314603987309	3.36529046141141
			0	11.623692040291
			1	-10.56566611055
			2	3.1327908915545
			3	-0.623576443909
			4	5.2434181477090
			5	7.6224600077993
	2.03754505610316	2.66519640920183
			0	64.143449531390
			1	-53.01641766512
			2	11.226434592003
			3	-1.447819954894
			4	0.0939578704015
			5	-5.514997815240
	1.70408785718701	2.1494780412895
			0	194.0616320826
			1	-114.9407314786
			2	17.913492107508
			3	-2.397875749561
			4	0.4642239529756
			5	-0.143422954896
			6	8.1857762654332
			7	-9.946666049665
