X41272
	2.56022744175932	3.29421106383488
			0	11.653642324537
			1	-10.59186832054
			2	3.0946838987592
			3	-0.604972331952
			4	4.3113223813902
			5	4.6599959117621
	2.01699329048995	2.6295321935287
			0	64.314843668327
			1	-53.09133863382
			2	11.067729092371
			3	-1.383353239211
			4	9.4503977898682
			5	-2.783988481387
	1.68518324408125	2.1273805526176
			0	194.18183127974
			1	-114.8794261301
			2	17.615705819047
			3	-2.393421265905
			4	0.5677549130767
			5	-0.197350650137
			6	7.3358926505953
			7	-2.116283498197
