X41298
	2.6144422335177	3.39755915481802
			0	11.591725065193
			1	-10.57610915827
			2	3.1463108123881
			3	-0.625957700037
			4	0.0534110836016
			5	6.9384380846612
	2.04931941084074	2.68723017621958
			0	64.217603654489
			1	-53.05372233407
			2	11.168440566978
			3	-1.427377204578
			4	9.2367529097727
			5	-5.990727002348
	1.7073212795982	2.16361160273686
			0	194.24329747807
			1	-115.0155802311
			2	17.781769539692
			3	-2.453522184882
			4	0.5883696887262
			5	-0.125129357663
			6	2.2538320004516
			7	2.6651926965070
