X41275
	2.70028901021237	3.55003895325067
			0	11.583456307428
			1	-10.57068703192
			2	3.1570966787493
			3	-0.632682752866
			4	5.4150384468656
			5	8.0492782865333
	2.09452730727079	2.77906694970292
			0	64.127013478089
			1	-53.01889084578
			2	11.249688495422
			3	-1.456149526792
			4	9.3880607548909
			5	5.1610961956326
	1.72926994752725	2.21687895878827
			0	194.10157764197
			1	-115.0137018638
			2	17.879194970709
			3	-2.432589614376
			4	0.5697695605351
			5	-0.245956019116
			6	0.1604644669409
			7	-2.196064927281
