X41292
	2.735294299783	3.62064784481523
			0	11.549150145155
			1	-10.55010997560
			2	3.1828290804487
			3	-0.649845830521
			4	5.8536721638116
			5	6.2592771380188
	2.11550546959399	2.81645504624717
			0	64.015825793707
			1	-52.96753459714
			2	11.345686231418
			3	-1.508637540989
			4	0.1113492204146
			5	-8.612578834778
	1.74688108509229	2.2394561723403
			0	194.04645085850
			1	-114.9830597443
			2	18.010971879757
			3	-2.458549593167
			4	0.5650676026403
			5	-0.193656427232
			6	6.3604041522364
			7	-1.647653007606
