X41215
	2.67940601779507	3.52726925324156
			0	11.550386426967
			1	-10.55523262519
			2	3.1844452159825
			3	-0.645870016346
			4	6.0962671852644
			5	7.8332490186613
	2.08497614513828	2.75714965624873
			0	64.094455639014
			1	-53.03583770832
			2	11.309613466715
			3	-1.453934826544
			4	8.6571248745794
			5	5.4283777648152
	1.72797630947447	2.20436900627622
			0	194.28899961308
			1	-114.9862998913
			2	17.711505564392
			3	-2.284621029884
			4	0.5071825555052
			5	-0.254670373441
			6	-1.099139397006
			7	6.9437091639290
