X41271
	2.8084279241293	3.75088161429829
			0	11.538698747818
			1	-10.52235637480
			2	3.1901916049974
			3	-0.673553284473
			4	6.5510642304123
			5	2.4972521782029
	2.16257695129936	2.89390257155526
			0	63.891824170033
			1	-52.93360256609
			2	11.469640806996
			3	-1.539938326186
			4	0.1160778913510
			5	-2.430012847366
	1.78138473822529	2.29118454704021
			0	193.98682633035
			1	-114.9620469417
			2	17.895367170356
			3	-2.391841251049
			4	0.5621848559959
			5	-0.188208481722
			6	6.6405039345688
			7	-1.783367530956
