X41294
	2.68272157388574	3.52741218874165
			0	11.554523838044
			1	-10.55204661633
			2	3.1766126773718
			3	-0.646107181181
			4	5.8320113341119
			5	6.0741675591877
	2.08861262931898	2.76018596981518
			0	64.042682701908
			1	-52.96952520660
			2	11.319570382420
			3	-1.507940984541
			4	0.1158874828729
			5	-2.122803080234
	1.73269179265699	2.20755091990567
			0	194.20132660208
			1	-115.0381632749
			2	17.740857928029
			3	-2.314968140655
			4	0.4907855711358
			5	-0.151890781360
			6	6.1730268814343
			7	-8.156103977307
