X41282
	2.83128403492716	3.79162425161435
			0	11.540829000834
			1	-10.52849482143
			2	3.1903345879661
			3	-0.668493220477
			4	0.0630400114646
			5	3.5810084811558
	2.17175081440456	2.91873249719246
			0	63.891057787446
			1	-52.93291681362
			2	11.467678204249
			3	-1.544912189829
			4	0.1129382929421
			5	-1.929248334849
	1.78427735450241	2.30275133695994
			0	193.89271203363
			1	-114.9067843739
			2	18.154041636526
			3	-2.426767346234
			4	0.5126581512653
			5	-0.247819588525
			6	0.1039963208588
			7	6.9834952767800
