X41209
	2.5409143395433	3.27003325809511
			0	11.634866493150
			1	-10.60272504647
			2	3.1124819539741
			3	-0.599823911177
			4	4.5193498348011
			5	8.7094891702459
	2.00054300621955	2.60970797252025
			0	64.378607859123
			1	-53.12583038278
			2	11.028547804989
			3	-1.359713045486
			4	7.3239687129075
			5	-6.942876114928
	1.67023146915116	2.110549847643
			0	194.21726483380
			1	-114.7828015177
			2	17.585317795937
			3	-2.342826606903
			4	0.5517227970729
			5	-0.178159140964
			6	7.8470115490456
			7	-7.621808174188
