X41258
	2.72220763595618	3.59735361721495
			0	11.547640685556
			1	-10.54857550511
			2	3.1831052558071
			3	-0.650334387224
			4	6.1213750177351
			5	5.5778201647440
	2.10857347953996	2.80218294304315
			0	64.089704777411
			1	-53.02839853913
			2	11.330639234267
			3	-1.493004004589
			4	0.1011743936493
			5	6.1057154918538
	1.74149629657081	2.23170212038974
			0	194.22477401481
			1	-114.9728354305
			2	17.728820172758
			3	-2.365868936533
			4	0.5170588962165
			5	-0.153433906934
			6	0.1199769096858
			7	-6.762562315714
