X41247
	2.54506115696593	3.27149341364105
			0	11.635342914930
			1	-10.59431919773
			2	3.1125577167446
			3	-0.606538681245
			4	4.7506006481231
			5	7.7863014089660
	2.00931782492238	2.61336779131303
			0	64.335164818764
			1	-53.09891302896
			2	11.068216077614
			3	-1.382768485095
			4	8.1134908267375
			5	-3.437911880649
	1.68273706483928	2.11850724143672
			0	194.04343547245
			1	-114.8119189123
			2	17.779597981719
			3	-2.421632130371
			4	0.5189356467575
			5	-0.204264207038
			6	0.1209285230885
			7	-0.074184824012
