X41328
	2.81523901929999	3.76699507089525
			0	11.531232284009
			1	-10.52308147628
			2	3.1980815577463
			3	-0.674620643866
			4	0.0654927227547
			5	3.4710342363978
	2.16543453691468	2.90159805237269
			0	63.875364851855
			1	-52.93578281046
			2	11.495092237627
			3	-1.553407045071
			4	0.1127985022480
			5	-6.089131120239
	1.78311291546065	2.29444307786926
			0	193.94950125829
			1	-114.9090123367
			2	18.074088896946
			3	-2.407291714606
			4	0.5006056819647
			5	-0.220113862822
			6	0.1317077768050
			7	-5.869694636265
