X41336
	2.68578379597157	3.52983404130811
			0	11.569603026284
			1	-10.55699400925
			2	3.1695475924374
			3	-0.643963372522
			4	5.8124031402896
			5	7.1855960607795
	2.09071257177849	2.76348575837509
			0	64.085889666602
			1	-53.00959531817
			2	11.296247692437
			3	-1.466827272099
			4	9.5318623187732
			5	-6.877928425286
	1.73315270950549	2.21008790523402
			0	194.18510456856
			1	-114.9522280758
			2	17.813434185100
			3	-2.342486312412
			4	0.4678886007793
			5	-0.229537384016
			6	0.1474306914626
			7	-2.531559041025
