X41331
	2.69242585480105	3.5394689939246
			0	11.580841931500
			1	-10.56449484813
			2	3.1609554107473
			3	-0.637415216511
			4	5.6020515185758
			5	7.5921795128345
	2.09115334254219	2.77072866921777
			0	64.126169957335
			1	-53.03651588323
			2	11.274808293081
			3	-1.454568331836
			4	8.9400689276324
			5	-4.100606140012
	1.73104390366898	2.21200494916578
			0	194.04620434813
			1	-114.8679622570
			2	17.909453052007
			3	-2.361333053013
			4	0.4473152043838
			5	-0.195173772470
			6	0.1109520662854
			7	-2.476517961251
