X41337
	2.6120067917112	3.39291625351887
			0	11.600948347596
			1	-10.57588832860
			2	3.1438284283512
			3	-0.625716304994
			4	5.1948615361238
			5	8.1180233519258
	2.05208604293928	2.68465791056504
			0	64.135229833152
			1	-53.01837222298
			2	11.251583125593
			3	-1.461339623189
			4	8.5677048884638
			5	8.9173982117972
	1.71886898151775	2.16483394219229
			0	193.69755087390
			1	-114.6803908936
			2	18.180051355048
			3	-2.568351697096
			4	0.6010385908751
			5	-0.278128878354
			6	0.1707898135239
			7	-8.188796073643
