X41301
	2.71307884349351	3.5739090771325
			0	11.571016023538
			1	-10.56467345774
			2	3.1634574090577
			3	-0.636434130566
			4	0.0566513362587
			5	6.1818780798563
	2.10152612540812	2.79250800880282
			0	64.101655486430
			1	-52.99802188137
			2	11.266038067149
			3	-1.472368686037
			4	0.0974914628769
			5	-3.417716697571
	1.73499773639394	2.22457063768259
			0	194.0923084999
			1	-114.9606078756
			2	17.838078641158
			3	-2.366233718860
			4	0.5315911712233
			5	-0.135424847896
			6	5.5546695840645
			7	-2.140044136248
