X41315
	2.83391083018433	3.80546899853311
			0	11.496912031644
			1	-10.51596630293
			2	3.2227954267292
			3	-0.679711467202
			4	7.1417276087599
			5	4.4365517914909
	2.17492593256749	2.92117549149311
			0	63.879321039689
			1	-52.93307260396
			2	11.498526955864
			3	-1.555726778440
			4	0.1108548992628
			5	-3.701041158615
	1.78843360586503	2.30561502654723
			0	193.91996793946
			1	-114.8401123993
			2	18.019989410384
			3	-2.428769164277
			4	0.5519280330618
			5	-0.184431560107
			6	6.1558970913366
			7	-6.679781291017
