X41321
	2.70427163892673	3.56696257197083
			0	11.545329998111
			1	-10.55087196617
			2	3.1842456719439
			3	-0.653286717689
			4	0.0615687652447
			5	5.9767735256201
	2.10083051572872	2.78318393312777
			0	64.070978881222
			1	-53.01908620139
			2	11.329255578713
			3	-1.481273755983
			4	0.1038095160479
			5	-1.328649895602
	1.74042980254648	2.22181941637645
			0	194.13296068633
			1	-114.9724638283
			2	17.825105453760
			3	-2.364784864857
			4	0.5011795552944
			5	-0.186721234531
			6	9.9213185466512
			7	3.1406058205900
