X41310
	2.71523318320051	3.5777574918352
			0	11.555108808651
			1	-10.55425928943
			2	3.1785339489122
			3	-0.646161832827
			4	5.8841986549793
			5	7.1907058219305
	2.10674570507433	2.79435885446375
			0	64.155764431809
			1	-53.07611486786
			2	11.287169509382
			3	-1.455767308480
			4	8.3058242025478
			5	1.1252754225550
	1.74120148861898	2.22934376977512
			0	194.24439486013
			1	-114.9574912949
			2	17.754113424232
			3	-2.378019262841
			4	0.4763385794104
			5	-0.108629647580
			6	8.3680143463746
			7	-0.108141500417
