X41327
	2.72986532639058	3.61067375480425
			0	11.549498724280
			1	-10.55051456056
			2	3.1821024102251
			3	-0.648909672523
			4	6.0997011807939
			5	6.4757857681809
	2.11182632697847	2.81065523838611
			0	64.070139098963
			1	-53.01955462845
			2	11.321273000440
			3	-1.470641091292
			4	8.8591991133269
			5	-4.163536742464
	1.74272748732624	2.23563935458549
			0	194.18438661466
			1	-114.9933134926
			2	17.89690903792
			3	-2.357429039016
			4	0.4492380646338
			5	-0.140708752190
			6	5.1669614783829
			7	-3.067975828025
