X41316
	2.83580358747261	3.80568924672621
			0	11.497792810359
			1	-10.51921179514
			2	3.2261866910193
			3	-0.680954156019
			4	7.1108841177228
			5	5.1243386310847
	2.17893949856503	2.92307333016394
			0	63.979010467313
			1	-53.11555427347
			2	11.636902161997
			3	-1.577670785445
			4	4.0168428693548
			5	0.1618947678518
	1.79070426356995	2.30865247997932
			0	194.29441446778
			1	-114.4961408035
			2	17.91350534399
			3	-2.543118324738
			4	0.2401466713414
			5	-0.515186828813
			6	-6.873917693743
			7	-0.112185561350
