X41323
	2.68436382651029	3.52619819795654
			0	11.557795873707
			1	-10.55491403145
			2	3.1754488236126
			3	-0.644897005353
			4	5.9618610011413
			5	6.9598759449578
	2.08943673894831	2.76174922250913
			0	64.146462356482
			1	-53.06823386089
			2	11.274982823725
			3	-1.441480861653
			4	7.5998933733521
			5	1.8157993778772
	1.73313617058758	2.20916507888296
			0	194.18710604477
			1	-114.9727605818
			2	17.846669768016
			3	-2.338428281687
			4	0.4752929327697
			5	-0.229796841170
			6	0.1808985456113
			7	-0.102886829188
