X41307
	2.56350136386276	3.30616398638578
			0	11.608189507968
			1	-10.58596665168
			2	3.1348668549715
			3	-0.615832952747
			4	4.8125475332332
			5	9.0278908822651
	2.02058529263861	2.63303404490537
			0	64.310942157338
			1	-53.09628531434
			2	11.094197359362
			3	-1.415107262195
			4	0.1112868543827
			5	-1.512822756488
	1.68800098870412	2.13072625763913
			0	194.51450372606
			1	-115.1640316988
			2	17.555422261276
			3	-2.386444591573
			4	0.5328081904017
			5	-0.124293958214
			6	4.1945925205951
			7	0.0597913825261
