X41306
	2.82169664022967	3.78413695484145
			0	11.501186567673
			1	-10.51973494576
			2	3.2200355981383
			3	-0.677819677068
			4	6.9660250361626
			5	4.5569697247862
	2.16768092629266	2.90829746504147
			0	63.872483349947
			1	-52.91709273100
			2	11.502964027590
			3	-1.587696608516
			4	0.1403097557647
			5	-1.797835819799
	1.78500947810079	2.29755484530363
			0	193.83079336107
			1	-114.9233938334
			2	18.091599688752
			3	-2.486538496610
			4	0.5447005857883
			5	-0.133423697514
			6	6.8935712133590
			7	-0.013565035415
