X41333
	2.52244049047168	3.21486101293307
			0	11.836066730753
			1	-10.56700858668
			2	2.9763581887310
			3	-0.594549830420
			4	1.2922375688322
			5	-1.234245858179
	1.99661244129899	2.58998925540219
			0	64.307876594853
			1	-53.11391835822
			2	11.107028821834
			3	-1.388254753442
			4	7.8120765576635
			5	9.0821931284832
	1.67417573705368	2.1035319796305
			0	194.45812059361
			1	-115.1382151127
			2	17.721719108611
			3	-2.381306558085
			4	0.4962903531134
			5	-0.204328178989
			6	0.1050807741421
			7	-2.290166971019
