X41317
	2.56082005107567	3.300825496883
			0	11.616341477903
			1	-10.59170506207
			2	3.1303987105694
			3	-0.612434269368
			4	4.8776925834048
			5	8.3872385444085
	2.01871821951632	2.63021100928435
			0	64.432236310584
			1	-53.29257430580
			2	11.214137693157
			3	-1.390192213621
			4	-1.015711250489
			5	0.1758844286378
	1.68543986620681	2.12840437423304
			0	194.67090264997
			1	-114.5846893445
			2	17.553963542003
			3	-2.469504710625
			4	0.2541298496590
			5	-0.462656903350
			6	-0.139917148933
			7	-0.121296573105
