X41300
	2.71355498526166	3.58242795466633
			0	11.550591459930
			1	-10.54959107469
			2	3.1797767466425
			3	-0.647580977659
			4	6.0435872195600
			5	6.0686394266047
	2.10273887384151	2.7931491805906
			0	64.086593401196
			1	-53.01896489722
			2	11.302606653274
			3	-1.465855998737
			4	9.1651275380813
			5	-6.118794668630
	1.73813878691597	2.22533913844518
			0	194.12165899224
			1	-114.9338819426
			2	17.823763509948
			3	-2.335867066333
			4	0.5332836739120
			5	-0.159457657506
			6	3.9782940064834
			7	-8.092102651619
