X09664
	2.66061222376938	3.42377817290174
		0	12.06484046
		1	-10.46301922
		2	2.883816272
		3	-0.538110506
		4	0.058861263
		5	-0.000859282
	2.08305806469102	2.72050907978324
		0	64.76756202
		1	-52.48665989
		2	11.09131413
		3	-1.501373602
		4	0.11947784
		5	0.018181959
	1.77263704259827	2.19775457649212
		0	184.381365
		1	-102.9931043
		2	15.49523486
		3	-2.277983072
		4	0.733617962
		5	-0.459254801
		6	0.300766473
		7	-0.27245301
X09676
	2.6477105237027		3.60332844847201
		0	11.85669243
		1	-10.31718731
		2	3.02544657
		3	-0.669904637
		4	0.121257115
		5	-0.021357247
	2.05010896291787	2.71579449800351
		0	63.56258718
		1	-52.03109615
		2	12.26645753
		3	-1.988758246
		4	0.191587794
		5	0.051597898
	1.75050068084888	2.1690380063611
		0	184.3816888
		1	-103.1699641
		2	15.59964222
		3	-2.121091302
		4	0.666333599
		5	-0.454758856
		6	0.341799296
		7	-0.444940888
X09681
	2.80676655380917	3.75633937844402
		0	11.90216054
		1	-10.37016182
		2	3.024103704
		3	-0.6332798
		4	0.089122485
		5	-0.014615963
	2.1354252640776		2.8774381552664
		0	64.6045767
		1	-52.4393671
		2	11.26260290
		3	-1.556151248
		4	0.135771848
		5	0.010233958
	1.77232170672292	2.26767381114153
		0	185.7410989
		1	-104.6569053
		2	15.73946783
		3	-2.189037895
		4	0.550345923
		5	-0.245616707
		6	0.13333076
		7	-0.108312526
