X09664
	2.66061222376938	3.42377817290174
			0	12.064840457594
			1	-10.46301921805
			2	2.8838162717602
			3	-0.538110505860
			4	5.8861263038191
			5	-8.592824723756
	2.08305806469102	2.72050907978324
			0	64.767562023836
			1	-52.48665988918
			2	11.091314127085
			3	-1.501373602209
			4	0.1194778395274
			5	1.8181958743896
	1.77263704259827	2.19775457649212
			0	184.38136495663
			1	-102.9931042976
			2	15.495234856789
			3	-2.277983072141
			4	0.7336179615756
			5	-0.459254800966
			6	0.3007664729709
			7	-0.272453010037
X09676
	2.6477105237027	3.60332844847201
			0	11.856692429481
			1	-10.31718731032
			2	3.0254465700928
			3	-0.669904637154
			4	0.1212571149160
			5	-2.135724744205
	2.05010896291787	2.71579449800351
			0	63.562587175083
			1	-52.03109615119
			2	12.266457532853
			3	-1.988758245517
			4	0.1915877944494
			5	5.1597898272379
	1.75050068084888	2.16190380063611
			0	184.3816888381
			1	-103.1699641433
			2	15.599642224464
			3	-2.121091302070
			4	0.6663335988110
			5	-0.454758856062
			6	0.3417992963178
			7	-0.444940887953
X09681
	2.80676655380917	3.75633937844402
			0	11.902160544117
			1	-10.37016181595
			2	3.0241037035731
			3	-0.633279800161
			4	8.9122485169572
			5	-1.461596291737
	2.1354252640776	2.8774381552664
			0	64.604576699520
			1	-52.43936709519
			2	11.262602994650
			3	-1.556151248421
			4	0.1357718483417
			5	1.0233957967386
	1.77232170672292	2.26767381114153
			0	185.74109893146
			1	-104.6569052931
			2	15.739467829373
			3	-2.189037894559
			4	0.5503459232692
			5	-0.245616707161
			6	0.1333307604523
			7	-0.108312526361
X09682
	2.78031010985022	3.70206847349675
			0	11.92331981963
			1	-10.38528478509
			2	2.9951253612844
			3	-0.610283302742
			4	8.2960369866924
			5	-7.218800562252
	2.12095541633466	2.84893017311522
			0	64.619804495424
			1	-52.45050328182
			2	11.266210207570
			3	-1.557243992368
			4	0.1129385316230
			5	2.2818942114684
	1.76359269471817	2.25085164236215
			0	185.80647930932
			1	-104.7645340957
			2	15.869056686804
			3	-2.292257941197
			4	0.5029920955505
			5	-0.140912018719
			6	4.3453109748705
			7	-0.060021907150
X25757
	2.71117589650689	3.53518086204021
			0	11.971157435180
			1	-10.42838997164
			2	2.9475309554104
			3	-0.579219660494
			4	8.1496938194849
			5	6.8329005620846
	2.11646179253609	2.77373828972806
			0	63.286338378601
			1	-50.57929105781
			2	10.625293751293
			3	-1.450261139583
			4	9.9806467142327
			5	2.9461177682259
	1.75986546035896	2.21275072958907
			0	191.64629198067
			1	-107.8439814547
			2	16.011065593466
			3	-2.113510389170
			4	0.3467352561996
			5	-0.042499474893
			6	7.6800989822336
			7	-3.282618326248
X25758
	2.69126475049059	3.56867039644886
			0	11.428113144488
			1	-10.55386628514
			2	3.2303307933731
			3	-0.693831368127
			4	9.4615745796605
			5	-2.944820295555
	2.10861907041505	2.75209777011046
			0	63.337790594793
			1	-50.55132457330
			2	10.542622669026
			3	-1.428544651112
			4	0.1189122145029
			5	-1.274700204434
	1.76041464192427	2.20255699772629
			0	191.66454707389
			1	-107.8704735935
			2	15.996027187440
			3	-2.095160780556
			4	0.3301959314302
			5	-5.156281963250
			6	2.7347001749922
			7	8.9467276653034
X25764
	2.71758493356808	3.57644416099811
			0	11.538220970387
			1	-10.54188089243
			2	3.1865216741007
			3	-0.653067687390
			4	6.6625031206276
			5	3.4454107033962
	2.12487976627158	2.79596055239389
			0	63.889939176333
			1	-52.91797404641
			2	11.440206122785
			3	-1.549012766308
			4	0.1335372107029
			5	-2.053722394072
	1.773855093178	2.22391993035194
			0	196.60435455581
			1	-111.1589500666
			2	15.981896736993
			3	-1.832662010485
			4	0.3883587671119
			5	-4.529175421880
			6	-2.272764068544
			7	1.1775847333615
X25799
	2.72696932791907	3.57897402275983
			0	11.950587306997
			1	-10.41803115915
			2	2.9637341237332
			3	-0.588706563335
			4	8.5313220355451
			5	6.2849258217350
	2.11752583033541	2.79127960777543
			0	63.272457185196
			1	-50.58397415947
			2	10.636993907582
			3	-1.447418624665
			4	9.8049268587147
			5	2.8770564717845
	1.75265196664594	2.21623100197757
			0	191.59526250304
			1	-107.8274741527
			2	16.036568310994
			3	-2.113475283261
			4	0.3588798483004
			5	-6.258688437267
			6	1.9947436605572
			7	-3.256729249730
X25911
	2.71772106791025	3.62009424508746
			0	11.411387200911
			1	-10.54367277236
			2	3.2439439340693
			3	-0.703354816602
			4	9.7757750660191
			5	-3.640592120616
	2.12294216487968	2.77992090779221
			0	63.338322389552
			1	-50.56199163550
			2	10.546846666376
			3	-1.419469863590
			4	0.1138523343365
			5	-1.018820339240
	1.76520936040215	2.21894287872418
			0	191.85434281118
			1	-107.9582467209
			2	15.830914163668
			3	-2.010520825831
			4	0.3072336967244
			5	-4.625474832131
			6	0.0255488372401
			7	6.2531548269654
X25912
	2.69900699596454	3.52046212011938
			0	11.976340578647
			1	-10.43076976970
			2	2.9433150647154
			3	-0.576586017413
			4	8.0500633619484
			5	6.5998377189108
	2.10482072752467	2.76147001761573
			0	63.284563869363
			1	-50.57012964122
			2	10.620161906504
			3	-1.451302282555
			4	9.7322016956986
			5	2.9528814077935
	1.7494436477771	2.20106868445599
			0	191.53082019102
			1	-107.7895885474
			2	16.069122483718
			3	-2.134681835873
			4	0.3689455621989
			5	-5.922637954220
			6	2.9115487024269
			7	-1.051112717617
X25958
	2.72373132458872	3.57722638895234
			0	11.955232506010
			1	-10.42026123871
			2	2.9574785173107
			3	-0.586759548716
			4	8.5402195004107
			5	6.8355524526280
	2.111927429596	2.78814601218032
			0	63.283868471042
			1	-50.58060290478
			2	10.633069125854
			3	-1.452810226045
			4	0.0936254777513
			5	3.2647077873971
	1.74553422887884	2.21099456156241
			0	191.61504072938
			1	-107.8256612142
			2	16.017010255158
			3	-2.108230699154
			4	0.3578241503414
			5	-6.378664350674
			6	1.8256167020975
			7	-7.046278014315
X25965
	2.74404404931714	3.57635534992932
			0	11.944291453647
			1	-10.40951474547
			2	2.9711033586934
			3	-0.593862515054
			4	8.3795593192884
			5	4.1990048597885
	2.15032868707443	2.80658147679963
			0	63.289603692549
			1	-50.58573684257
			2	10.629018807253
			3	-1.442674193489
			4	8.9635615187657
			5	2.7548812625190
	1.79196552164023	2.24655675364903
			0	191.85001878184
			1	-107.9382472013
			2	15.805114126199
			3	-2.005891320650
			4	0.3274019506946
			5	-5.252836437487
			6	2.4344614680389
			7	-5.576895501035
X25966
	2.72603976291778	3.57261293068688
			0	11.962748061906
			1	-10.42091736489
			2	2.9556088645343
			3	-0.583262550693
			4	8.0897764977567
			5	4.7860391464369
	2.11759202467707	2.79006361734826
			0	63.275969765751
			1	-50.57630939542
			2	10.635227771927
			3	-1.448421972407
			4	9.4489627575336
			5	2.7338129863868
	1.75364524969898	2.21612796256377
			0	191.5731248706
			1	-107.8167862515
			2	16.033035041267
			3	-2.115100097394
			4	0.3673929059878
			5	-6.228581951258
			6	2.6668491739888
			7	-6.149842301967
X26377
	2.74338940771697	3.57844438233419
			0	11.976974269677
			1	-10.43211677859
			2	2.9444099249306
			3	-0.573811140900
			4	7.7774841993174
			5	6.7695338295947
	2.13092028105534	2.80696846584511
			0	63.421435299863
			1	-50.61769073247
			2	10.494883956114
			3	-1.405445266344
			4	8.8143006115936
			5	2.7076011776597
	1.76391555229125	2.23078580320298
			0	191.35070618757
			1	-107.6872142778
			2	16.237584116874
			3	-2.239802377365
			4	0.3985316259995
			5	-6.725600687832
			6	2.6433704490375
			7	-0.012199726088
X26383
	2.73361872756428	3.43810399015624
			0	12.721687952151
			1	-10.48482351778
			2	2.2626318753826
			3	-0.603881503492
			4	-0.139850482375
			5	-0.100871909002
	2.11515761096503	2.81414639066209
			0	64.113512485060
			1	-53.02316946719
			2	11.263421281429
			3	-1.447421603461
			4	9.7712126128203
			5	-1.953877291741
	1.74331397451475	2.23965680525708
			0	194.19042492997
			1	-115.0102284694
			2	17.783606945528
			3	-2.311576046288
			4	0.5001871487177
			5	-0.207880730220
			6	0.1448526699315
			7	-2.800075610825
X26384
	2.74799488588131	3.67452962092012
			0	11.416515628934
			1	-10.54952924968
			2	3.2401204710689
			3	-0.697309977533
			4	9.3797474260489
			5	-2.005853307841
	2.12945267299707	2.81227172393183
			0	63.411337475862
			1	-50.57966277653
			2	10.456313230407
			3	-1.403279626609
			4	0.1234233544535
			5	-1.588114808848
	1.75940280643452	2.2295716296284
			0	191.80155916401
			1	-108.1159410947
			2	16.029243607236
			3	-1.845357356523
			4	4.2176177231460
			5	0.1514103706888
			6	-8.189526093183
			7	3.5636816362194
X26448
	2.73642436794785	3.37104498636247
			0	13.102035547279
			1	-10.72444569815
			2	1.6144622459889
			3	-0.630467182938
			4	-9.832386174541
			5	4.9911904197861
	2.11926644950169	2.8170116316582
			0	64.055901227107
			1	-52.98991758643
			2	11.314278400439
			3	-1.477531488404
			4	9.1860986010290
			5	-1.275780678072
	1.7511169062912	2.24320084137702
			0	194.14042200470
			1	-115.1421002415
			2	17.967242296200
			3	-2.306816147424
			4	0.4413963494980
			5	-0.167024431962
			6	0.1107642646935
			7	-0.018978780885
X26510
	2.73785790793948	3.62533687367932
			0	11.515035501775
			1	-10.59840032526
			2	3.1605139464029
			3	-0.656181419314
			4	8.1757027531005
			5	-2.159277348425
	2.12542205447659	2.80134654816204
			0	63.492491165551
			1	-50.61334583810
			2	10.381616462208
			3	-1.372530981660
			4	0.1173300489074
			5	-1.181745044362
	1.75755422894438	2.2250965545933
			0	191.47665591208
			1	-107.7640664812
			2	16.151272003361
			3	-2.188143932637
			4	0.3635974083059
			5	-6.177812066454
			6	2.9839180616617
			7	6.2211376479330
X26527
	2.73271082379248	3.62729750207114
			0	11.491067478249
			1	-10.58189024320
			2	3.1793440541516
			3	-0.671948890735
			4	8.6917686631869
			5	-1.002128025794
	2.12400116926235	2.79612584876479
			0	63.449778581824
			1	-50.60684049010
			2	10.428338756399
			3	-1.384152460273
			4	0.1171059401109
			5	-9.679536966927
	1.75810376181708	2.2229203856406
			0	191.57777113121
			1	-107.8191375412
			2	16.061485988947
			3	-2.141056408633
			4	0.3497774429303
			5	-5.756562245698
			6	2.9355669056303
			7	7.7742233820633
X33709
	2.59237978425487	3.352202317628
			0	11.989723443081
			1	-10.43694505321
			2	2.9328104320695
			3	-0.570463747490
			4	7.7352523265685
			5	7.4142282359014
	2.0340759939858	2.65049305451685
			0	63.428004277711
			1	-50.63969918910
			2	10.495317052878
			3	-1.387703829194
			4	8.5330405128998
			5	2.5744602453322
	1.69432768823803	2.1252293669251
			0	191.75587140012
			1	-107.8398286977
			2	15.879547610014
			3	-2.112373739221
			4	0.3587102451570
			5	-5.667914026087
			6	1.8162887726838
			7	2.0928011462761
X36906
	2.84930890957189	3.79765485572023
			0	11.573763727788
			1	-10.54851068100
			2	3.1721741619943
			3	-0.649341030138
			4	5.1509010813599
			5	4.7639283936950
	2.17951123214114	2.93643556243574
			0	64.151800635400
			1	-53.05539775635
			2	11.265689384364
			3	-1.450940356660
			4	9.9086923374373
			5	-1.252616360658
	1.77450674691464	2.31459253968523
			0	194.21795232694
			1	-114.9089179852
			2	17.668106409364
			3	-2.357599989555
			4	0.5173994274530
			5	-0.193594434310
			6	0.1465675059590
			7	-7.738221833467
X36914
	2.85762778262103	3.84772186301552
			0	11.412862025395
			1	-10.55291119101
			2	3.2480651241589
			3	-0.696812500881
			4	9.0833700445116
			5	-2.593696597848
	2.19224308875678	2.92649026169014
			0	63.511161964301
			1	-50.62344388773
			2	10.360008982155
			3	-1.361192348822
			4	0.1196092385456
			5	-1.502588447080
	1.79441554200995	2.30064264944812
			0	191.22196656021
			1	-107.5758582227
			2	16.290278781208
			3	-2.282640363363
			4	0.4438135045714
			5	-0.161430360078
			6	0.1259625572487
			7	-8.660863700715
X36923
	2.85870488587106	3.84403456760883
			0	11.421368816613
			1	-10.55760138568
			2	3.2404985087056
			3	-0.691804711857
			4	0.0896156196866
			5	-4.474575071195
	2.19494448271722	2.92740135803322
			0	63.496819016389
			1	-50.61208384937
			2	10.370538985853
			3	-1.369881816858
			4	0.1211467396565
			5	-1.562655124369
	1.79969686939433	2.30294928212855
			0	191.18885499106
			1	-107.6412901472
			2	16.410805614687
			3	-2.305173086687
			4	0.3801405755778
			5	-5.122595398789
			6	2.0811367967153
			7	0.0055016196951
X36931
	2.85451193360953	3.81181213159069
			0	11.541066612358
			1	-10.55205042820
			2	3.1946107823103
			3	-0.649409575821
			4	5.9172144063936
			5	7.7155649008625
	2.18251134495491	2.94194552004188
			0	64.138692609530
			1	-53.03417184010
			2	11.241568516657
			3	-1.425936759057
			4	8.5656223661870
			5	-1.928904298847
	1.77758840207725	2.31834261342407
			0	194.12969929175
			1	-114.9873554477
			2	17.742520764306
			3	-2.365119291765
			4	0.5911911862720
			5	-0.179166814676
			6	0.1005584709470
			7	-8.029130243164
X37133
	2.73971581987179	3.58480679682513
			0	11.709039676018
			1	-10.55373199598
			2	3.0737657904262
			3	-0.609799241505
			4	3.3019305294665
			5	-3.851764853657
	2.12097747302706	2.81965107461843
			0	64.1696992109
			1	-53.03443323961
			2	11.200517393709
			3	-1.425469046006
			4	9.7406413576074
			5	-2.377968018879
	1.74821447163291	2.24609349357361
			0	194.10543471016
			1	-114.9876106692
			2	17.753831242144
			3	-2.346077527961
			4	0.5803127294544
			5	-0.229784533875
			6	0.1199773911061
			7	-0.036243704981
X37136
	2.74384518644742	3.59410874291298
			0	11.705939256460
			1	-10.55262029157
			2	3.0777532951661
			3	-0.612420401465
			4	3.3598223339059
			5	-3.184963949618
	2.12282091230097	2.82415213821299
			0	64.172020793203
			1	-53.04457042822
			2	11.214902590507
			3	-1.424122758980
			4	8.3318329472570
			5	-9.426515662725
	1.74869035469515	2.24854971012823
			0	194.12542795362
			1	-115.0081499233
			2	17.755038121377
			3	-2.334938937996
			4	0.6203681414448
			5	-0.268356461049
			6	8.3360889846736
			7	-1.149630296075
X37182
	2.72479450073952	3.57989937552032
			0	11.626715105947
			1	-10.57279060513
			2	3.1252813416413
			3	-0.623600712810
			4	0.0454766296498
			5	5.0892099641908
	2.10829289561792	2.80455951979788
			0	64.1652135377
			1	-53.03209722898
			2	11.215345556146
			3	-1.423478228611
			4	8.2368646346044
			5	-1.261896470783
	1.73797176449732	2.23269174365163
			0	194.10306835865
			1	-114.9131398438
			2	17.767125627313
			3	-2.356696696266
			4	0.6353064650222
			5	-0.260450061180
			6	4.7759114372817
			7	-3.858746296646
X37785
	2.71774885197729	3.35409384776069
			0	13.069996751977
			1	-10.71803999247
			2	1.6238215889744
			3	-0.650290265896
			4	-8.702985505645
			5	5.9711817360920
	2.12115996478833	2.79758027261693
			0	63.757418644772
			1	-52.87900368301
			2	11.601912555774
			3	-1.593888755043
			4	0.1125579237622
			5	-9.665869632310
	1.77018231401029	2.23910078463189
			0	194.19389474360
			1	-115.1104996791
			2	17.837903610438
			3	-2.262543765894
			4	0.4675879578933
			5	-0.209445043575
			6	0.1309642814361
			7	-4.188831502992
X37786
	2.6419027696446	3.47293862322844
			0	11.533910134418
			1	-10.53372919689
			2	3.1881367355319
			3	-0.660271271759
			4	6.7384900665210
			5	3.4231846520319
	2.07547637367924	2.71721634468791
			0	63.818061908987
			1	-52.91948678030
			2	11.575857852490
			3	-1.573410426611
			4	9.9829618637818
			5	2.9469103171355
	1.74331609206167	2.18768335340585
			0	192.82175585787
			1	-112.9556855561
			2	16.944977354806
			3	-2.109295794118
			4	0.5600834261751
			5	-0.262839953186
			6	0.1667017472510
			7	-0.163846909101
X38195
	2.75831645556257	3.63633800980848
			0	11.682505499194
			1	-10.53885291592
			2	3.0972901044411
			3	-0.625711050387
			4	3.7774201084465
			5	-4.105812670601
	2.12586441438162	2.84057033423329
			0	64.090510118992
			1	-52.99974396395
			2	11.272455041509
			3	-1.452871028151
			4	9.7775382851913
			5	-1.841378220989
	1.74626255474089	2.25340459850354
			0	194.16522595605
			1	-115.1112289404
			2	17.808330598315
			3	-2.298510454080
			4	0.5652284581550
			5	-0.216024017977
			6	8.0286841625856
			7	-4.607466981303
X38219
	2.76140009053922	3.70852311218804
			0	11.380510309390
			1	-10.52457645423
			2	3.2667684919650
			3	-0.720078709759
			4	0.1030720158162
			5	-4.252858341277
	2.14550928385265	2.8261770702504
			0	63.291492004368
			1	-50.54682204103
			2	10.576002887325
			3	-1.438225877704
			4	0.1249805903378
			5	-1.507837067036
	1.77999323493951	2.24464268987047
			0	191.48742327211
			1	-107.7988413491
			2	16.156123775016
			3	-2.156591322636
			4	0.3428134246730
			5	-5.516882054833
			6	2.7073331100489
			7	5.5246663106263
X38526
	2.83111751226056	3.81996537237376
			0	11.581016580911
			1	-10.56583685779
			2	3.1496426109732
			3	-0.628415843364
			4	5.9161701023040
			5	2.3186914990552
	2.142527711211	2.9224902474573
			0	63.807751572636
			1	-52.86681558377
			2	11.521188084754
			3	-1.592655757890
			4	0.1420037160804
			5	-2.723757055252
	1.74366354359582	2.27863209579039
			0	193.46590997086
			1	-114.6423523209
			2	18.343034997243
			3	-2.675154944679
			4	0.6447758781262
			5	-0.175535689760
			6	6.1688928648153
			7	-5.050386431411
X38882
	2.58420315647294	3.3342189032421
			0	11.743201092452
			1	-10.63420836107
			2	3.0204359540218
			3	-0.560053466961
			4	3.1454078915082
			5	3.0288574418368
	2.0197077332513	2.65673116813735
			0	64.202877212705
			1	-53.02930843626
			2	11.170611920742
			3	-1.420152471451
			4	8.4333906636197
			5	-1.619706240199
	1.68105761866765	2.13380824708021
			0	193.84976515216
			1	-114.7399078593
			2	17.946701283131
			3	-2.541622273558
			4	0.6775891024165
			5	-0.212175321415
			6	2.7430127848576
			7	-3.440265743938
X38886
	2.85556159573403	3.79990264377598
			0	11.542437780012
			1	-10.55233670925
			2	3.1933037597772
			3	-0.648430955957
			4	6.1452324535689
			5	5.5543346153555
	2.19111675299147	2.94184634625277
			0	64.156910184803
			1	-53.05892698691
			2	11.278481217377
			3	-1.471317908598
			4	9.9538966419885
			5	4.8807260737462
	1.79278048916226	2.32500348507878
			0	194.11362286264
			1	-114.9211878341
			2	17.806556185324
			3	-2.341874713069
			4	0.4901317536754
			5	-0.225526608877
			6	5.9352862798895
			7	-4.720877751206
X38888
	2.8121360426717	3.71475784019077
			0	11.565123679592
			1	-10.56611138673
			2	3.1701769867363
			3	-0.631645981713
			4	0.0564849905528
			5	5.8262798983555
	2.16514445362845	2.89558648060079
			0	64.191768118769
			1	-53.02439160392
			2	11.143613337238
			3	-1.435948380596
			4	0.1254729666760
			5	-2.509937057603
	1.77921519805496	2.27481108643821
			0	196.23009131297
			1	-110.9186916601
			2	16.335680650895
			3	-2.083714082716
			4	0.4756233239099
			5	-8.187664388728
			6	1.2652609992371
			7	-2.490238623871
X38889
	2.82372903831502	3.73101559460215
			0	11.608447965512
			1	-10.56268541507
			2	3.1402194724386
			3	-0.631793587193
			4	4.7037968208703
			5	5.1621241360518
	2.17317924386082	2.90788701815263
			0	64.193783671585
			1	-53.05872223912
			2	11.192869760803
			3	-1.399147018773
			4	0.0778181240946
			5	-0.013335762342
	1.77836458133507	2.30480437306436
			0	194.38954373297
			1	-115.0726155159
			2	17.559116967065
			3	-2.277587255068
			4	0.6369468875903
			5	-0.263077685552
			6	0.0445805970105
			7	-1.907094391740
X38891
	2.81933689223495	3.72985509068912
			0	11.561228673029
			1	-10.55936708272
			2	3.1723155061052
			3	-0.636582120036
			4	5.5535910959078
			5	5.9451163484549
	2.17116586674738	2.90300545420204
			0	64.190806590084
			1	-53.05664274626
			2	11.200499433808
			3	-1.417463645921
			4	8.9104625124046
			5	-1.125831706025
	1.78175293398241	2.30195024544676
			0	192.97624092902
			1	-113.0932816846
			2	16.958950211023
			3	-2.179818972333
			4	0.5711883675171
			5	-0.216807747344
			6	0.0635744899663
			7	-5.915648957680
X38892
	2.81402856816663	3.72598058576402
			0	11.579782735392
			1	-10.56607241364
			2	3.1595942048958
			3	-0.631945668870
			4	5.1223816315472
			5	7.9953003664040
	2.16240535513084	2.89866326279447
			0	64.151499785748
			1	-53.04109461693
			2	11.215267832562
			3	-1.431850871282
			4	0.1000069914684
			5	-2.140193689638
	1.76919699734539	2.29379354106083
			0	194.07793960189
			1	-114.7113799272
			2	17.579788200060
			3	-2.301879446601
			4	0.5599095751746
			5	-0.229188756635
			6	0.1268486209615
			7	-9.875222227551
X38895
	2.76375596419868	3.65543887129829
			0	11.560869208744
			1	-10.56108785266
			2	3.1746103218391
			3	-0.637235225835
			4	5.6227894185980
			5	6.0198789548947
	2.12538112243904	2.84598380414361
			0	64.236762687333
			1	-53.07730174204
			2	11.162915138502
			3	-1.420485054945
			4	0.1041613657443
			5	-1.105666256502
	1.73805480743597	2.25435471623168
			0	194.15635738748
			1	-114.7099180908
			2	17.528429602835
			3	-2.383959118915
			4	0.5851320206965
			5	-0.240810559333
			6	0.1420107822330
			7	-0.140730705368
X38899
	2.82281514716412	3.74825516064194
			0	11.544256710378
			1	-10.54989784924
			2	3.1862299147218
			3	-0.646503912801
			4	5.8463000941439
			5	5.8656818724964
	2.16595390518013	2.9073374437987
			0	64.221930469804
			1	-53.06437457374
			2	11.168607865348
			3	-1.410315756984
			4	9.5521730853245
			5	-1.712957024618
	1.77285661577568	2.29866329845742
			0	192.79661004330
			1	-113.0430378769
			2	17.147216192228
			3	-2.235114102887
			4	0.5216739229477
			5	-0.176998362772
			6	8.6023259157425
			7	-7.692921676341
X38908
	2.72723055216188	3.61115341066076
			0	11.521921846823
			1	-10.53319357370
			2	3.2011224950226
			3	-0.661766597239
			4	6.8483990074628
			5	3.9555741730955
	2.11983984698919	2.80751756123237
			0	63.884458324553
			1	-52.90163574530
			2	11.422496512695
			3	-1.544934171331
			4	0.1381964589468
			5	-2.528280154881
	1.76330749756899	2.22111349240123
			0	196.25869949600
			1	-110.9347536299
			2	16.263702556682
			3	-2.008608727387
			4	0.4522731069064
			5	-5.910300173038
			6	-1.996940903799
			7	-2.570536965891
X38920
	2.63186189067093	3.44587154985997
			0	11.555502607838
			1	-10.55207730712
			2	3.1760379363166
			3	-0.646717196913
			4	6.0503441548533
			5	6.5120552166511
	2.06211092355142	2.70632379500022
			0	64.063234411417
			1	-53.01539239128
			2	11.326733014677
			3	-1.450261241771
			4	7.5465902940703
			5	-7.024979950382
	1.71641781350881	2.17689104271665
			0	194.57240909360
			1	-115.2488924162
			2	17.489244462409
			3	-2.232168872852
			4	0.5612063827632
			5	-0.148725200791
			6	0.0709874950319
			7	-1.319764287618
X39148
	2.70644973396554	3.5038697160998
			0	11.773619895217
			1	-10.51949579019
			2	3.0338976883513
			3	-0.623937841376
			4	2.6844745033782
			5	-1.409028787956
	2.12363973193796	2.78240844990711
			0	64.14354069334
			1	-53.08759186434
			2	11.307108554825
			3	-1.462024695652
			4	9.4029254785507
			5	9.4129802912135
	1.76842163992554	2.24109945522115
			0	194.60707881978
			1	-115.1645062413
			2	17.478383166709
			3	-2.222107230608
			4	0.4152525301699
			5	-0.193103255012
			6	8.4769544518551
			7	2.8846319370627
X39157
	2.69604955661461	3.51421738127566
			0	11.540303265248
			1	-10.54293660904
			2	3.1876091934354
			3	-0.653645168332
			4	6.1963917010540
			5	5.9060483634073
	2.12154746842389	2.7705619533056
			0	64.142171140129
			1	-53.04540389290
			2	11.256452673246
			3	-1.435751292946
			4	8.7259671050380
			5	-6.389726179275
	1.7759020881997	2.23718507093626
			0	193.22669772405
			1	-113.3555175543
			2	16.957641077280
			3	-2.112539558902
			4	0.4548671642041
			5	-0.136166745876
			6	2.0977705194285
			7	-2.032790555147
X39158
	2.69483237641618	3.51382849564695
			0	11.539393824022
			1	-10.54685068452
			2	3.1939618674674
			3	-0.655424465851
			4	6.1263096346869
			5	8.1440828491559
	2.12241419903747	2.76947234344994
			0	64.141127882225
			1	-53.06496528394
			2	11.268490563366
			3	-1.407219797491
			4	5.8570553059028
			5	-1.258926067147
	1.77428924814104	2.23842643373847
			0	194.41852763623
			1	-115.1004673576
			2	17.515905582128
			3	-2.254579476722
			4	0.5976430851777
			5	-0.209042549544
			6	4.9139459725986
			7	4.6624779353776
X39159
	2.78906002230065	3.66484421004759
			0	11.729600870993
			1	-10.49546598502
			2	3.0685284831399
			3	-0.649038411946
			4	3.4618579491779
			5	-1.489552854621
	2.16482939603903	2.87126585552534
			0	64.048927489988
			1	-53.06604636064
			2	11.400430727833
			3	-1.480669688176
			4	9.0729089697099
			5	1.4610514009935
	1.7875266409372	2.29018870288506
			0	194.53404042128
			1	-115.1622683598
			2	17.576163608027
			3	-2.255729692729
			4	0.4487381804374
			5	-0.221542172840
			6	8.5772684313118
			7	4.0163705782703
X39160
	2.7006178273512	3.41003336450287
			0	12.224579844733
			1	-10.57409547670
			2	2.5933742653502
			3	-0.610317873324
			4	-3.483951759427
			5	-1.284979989133
	2.1300973836369	2.77482718933164
			0	64.166282952846
			1	-53.06505667007
			2	11.218256549536
			3	-1.409488218366
			4	8.5284467031936
			5	-1.998208112588
	1.78051108092196	2.24547422118045
			0	194.67555193591
			1	-115.2368335297
			2	17.370068371492
			3	-2.178647220671
			4	0.4413095168612
			5	-0.146190936059
			6	9.2044006490048
			7	-5.218358652513
X39161
	2.72826553415839	3.46687652255863
			0	12.216992548114
			1	-10.56687912015
			2	2.6003954728594
			3	-0.616317209055
			4	-3.517245610514
			5	-1.463500176044
	2.13981979171567	2.80526010802188
			0	64.083113233771
			1	-53.02551702448
			2	11.291916575009
			3	-1.445147765852
			4	8.6723813997024
			5	-9.174693571012
	1.78382099832629	2.25835051540372
			0	194.36444745012
			1	-115.0940749261
			2	17.636164002626
			3	-2.251788679725
			4	0.4509078934862
			5	-0.179513388219
			6	0.1169107706708
			7	-6.682915185906
X39162
	2.69191482938869	3.51454509376055
			0	11.535883224785
			1	-10.53849282834
			2	3.1899061363922
			3	-0.655703726714
			4	6.1687580212938
			5	6.4193443167421
	2.116656781965	2.76700703718913
			0	64.082542632990
			1	-53.04500081546
			2	11.327905513095
			3	-1.460326344465
			4	7.8761009990439
			5	5.7602131543229
	1.76556797749609	2.23257527584812
			0	193.36828854351
			1	-113.2135850485
			2	16.394771113012
			3	-1.978976962026
			4	0.5956180459392
			5	-0.376911909985
			6	0.2052891024158
			7	0.1090019704591
X39164
	2.54100300981428	3.31675880112714
			0	11.566994282566
			1	-10.56083689098
			2	3.1688769980684
			3	-0.641087992607
			4	6.1747821627310
			5	6.2600242418784
	1.99862602288506	2.61235147617394
			0	64.024359783396
			1	-53.02350311358
			2	11.426958951033
			3	-1.528642646000
			4	9.3445894885862
			5	2.6929099672147
	1.67336553194354	2.10726971495866
			0	194.25763093091
			1	-114.8909037976
			2	17.613126358468
			3	-2.339065259425
			4	0.5530115556985
			5	-0.286223691527
			6	8.0355479859706
			7	-0.029005024362
X39168
	2.6829148916988	3.55029593747451
			0	11.523948470863
			1	-10.52997723362
			2	3.1978018188727
			3	-0.663395184215
			4	6.5764280883326
			5	5.0839492038578
	2.08657656784565	2.76169315080808
			0	63.938354411948
			1	-52.99142409977
			2	11.470812581835
			3	-1.519739875763
			4	8.5248304033628
			5	7.6179560424277
	1.72824913285557	2.20590273466515
			0	193.25915516654
			1	-113.2570228496
			2	16.580430415966
			3	-2.013066592593
			4	0.6378495110044
			5	-0.402180293634
			6	0.2050518497875
			7	8.2942180321551
X39169
	2.81989312581143	3.73505184400635
			0	11.561552088165
			1	-10.56506829460
			2	3.1786772849548
			3	-0.637372876866
			4	5.7616951851701
			5	6.5640241324379
	2.16873580866529	2.90412072256284
			0	64.218048080565
			1	-53.08501794589
			2	11.221301847852
			3	-1.445120619523
			4	0.0930340191190
			5	5.2989624764555
	1.77544995145712	2.30029074050143
			0	194.32640516999
			1	-115.0611872387
			2	17.698581862442
			3	-2.281537840099
			4	0.4557581689403
			5	-0.199942705039
			6	4.6030627190580
			7	-3.808855240475
X39698
	2.62051538140995	3.39541385309331
			0	11.939641070916
			1	-10.57428603516
			2	2.8878897502377
			3	-0.570977230309
			4	2.3666211282083
			5	-2.349911260009
	2.02921700905938	2.69780097060418
			0	64.086690151722
			1	-53.04329688439
			2	11.324757931224
			3	-1.461351542838
			4	8.2762126373365
			5	7.1593666711431
	1.67589963399524	2.14819244149218
			0	194.07922749834
			1	-114.8988852787
			2	17.823094538470
			3	-2.331610287961
			4	0.4931104519530
			5	-0.223687988479
			6	0.1203093063573
			7	-5.446393427181
X39699
	2.68169565159537	3.31497083498282
			0	13.155173244677
			1	-10.75680830153
			2	1.5330874645015
			3	-0.626607341456
			4	-9.589616547471
			5	0.0637518652783
	2.05975303483229	2.76345715021716
			0	63.975757970793
			1	-52.96157337291
			2	11.390765145830
			3	-1.505446769266
			4	9.8490819107490
			5	-1.437927657365
	1.69034451246772	2.1840435651953
			0	193.98627513600
			1	-114.9523020547
			2	18.015201654769
			3	-2.409743123494
			4	0.4682839029937
			5	-0.170352304755
			6	8.0791560276405
			7	1.5509566713763
X39702
	2.78848591243858	3.6576502351822
			0	11.534364878552
			1	-10.54611196871
			2	3.1984757200341
			3	-0.652584464908
			4	5.9432174128297
			5	6.9052266677094
	2.16935429571443	2.86799824603765
			0	64.268848389508
			1	-53.07776513942
			2	11.113531888811
			3	-1.405361972910
			4	0.1102023827630
			5	-2.126500390816
	1.78930947544041	2.29473434777839
			0	194.45531188097
			1	-114.9402956795
			2	17.373208646521
			3	-2.329796253036
			4	0.5363979805480
			5	-0.158948068089
			6	9.0292911178980
			7	-8.644682843277
X39705
	2.76792539218987	3.60486062825326
			0	11.589472927116
			1	-10.55835579581
			2	3.1627526285445
			3	-0.640181112808
			4	4.6755701936110
			5	5.6688986535613
	2.16255687948328	2.84526269326551
			0	64.363619934800
			1	-53.13056139187
			2	11.063736093883
			3	-1.377145289996
			4	9.4268134023684
			5	-1.575470971688
	1.78777301155241	2.2859795619382
			0	194.6920565619
			1	-115.2130245605
			2	17.362254450090
			3	-2.265999071985
			4	0.4783171572003
			5	-0.122223215774
			6	0.1086341531817
			7	1.0279889299680
X39706
	2.8645318282104	3.7558080712849
			0	11.853991646288
			1	-10.53208452271
			2	2.9655345609728
			3	-0.614048677495
			4	7.5232306201708
			5	-2.280027116121
	2.19865205680566	2.95110375299679
			0	64.140457055443
			1	-53.04543542117
			2	11.242781653678
			3	-1.432856930380
			4	9.0290841739663
			5	-4.511752327994
	1.7976135225222	2.33291846365367
			0	194.18981232920
			1	-114.9594052910
			2	17.746412112736
			3	-2.281876816452
			4	0.4634056708126
			5	-0.212887799860
			6	0.1181462730572
			7	-6.214524756643
X39708
	2.86260061119101	3.79189097884622
			0	11.571773392328
			1	-10.56968893720
			2	3.1690902597782
			3	-0.631926595056
			4	5.3236418204478
			5	7.4709292993565
	2.20112113673651	2.94836269621751
			0	64.181136840124
			1	-53.05888881887
			2	11.216161196832
			3	-1.413714093382
			4	8.1045046142355
			5	-0.010814732012
	1.8029009857047	2.33524435183653
			0	194.09683080226
			1	-115.0128631986
			2	17.813466445145
			3	-2.321058896133
			4	0.5563523991611
			5	-0.199039234631
			6	9.2117338902540
			7	-4.732344615273
X39709
	2.85683365204522	3.79712898779655
			0	11.55443542789
			1	-10.55916206131
			2	3.1816254904030
			3	-0.639705861623
			4	5.6117711588190
			5	7.5606359744603
	2.1924149496178	2.94347664417206
			0	64.160855561491
			1	-53.09116527433
			2	11.270964368295
			3	-1.434801157620
			4	8.9066829800237
			5	-1.882039201791
	1.79036040237804	2.32684188782256
			0	194.36160522312
			1	-115.1266009243
			2	17.623579820244
			3	-2.301156835990
			4	0.5546887524262
			5	-0.229344347515
			6	9.6408576901175
			7	1.4749944265102
X39711
	2.87939803070594	3.83617772176699
			0	11.538660147303
			1	-10.54773919264
			2	3.1922025669665
			3	-0.650073360098
			4	6.0499846767502
			5	5.6243570645269
	2.20572463697542	2.96692789661908
			0	64.145008642683
			1	-53.04455721809
			2	11.246363712613
			3	-1.448746837133
			4	0.1069148204359
			5	-0.011596727210
	1.80004752902937	2.34151035626023
			0	194.24642122470
			1	-114.9932748287
			2	17.655625530396
			3	-2.336629909398
			4	0.5386604581340
			5	-0.160682327715
			6	6.7514692326897
			7	-7.317407440301
X39712
	2.8630510197508	3.81289329244247
			0	11.546732064583
			1	-10.55625277036
			2	3.1913704788799
			3	-0.646683501317
			4	6.0270246426684
			5	6.4923036093459
	2.19427329012372	2.94999680917161
			0	64.154244916128
			1	-53.05339432831
			2	11.272549707103
			3	-1.468758311232
			4	0.1027801972388
			5	-8.021409721563
	1.79161753545899	2.32912657926092
			0	194.24756062051
			1	-115.0472629203
			2	17.745588366598
			3	-2.308685967960
			4	0.4889120162882
			5	-0.219636427264
			6	7.4326813399215
			7	-3.127462885979
X39715
	2.86174171757342	3.80741851260747
			0	11.542522988901
			1	-10.55146810623
			2	3.1907303631274
			3	-0.646061226338
			4	5.8210375525875
			5	6.8482572499652
	2.19807185207398	2.94855064660365
			0	64.097658446203
			1	-53.05293920012
			2	11.317379161518
			3	-1.467718233150
			4	0.1030169218670
			5	-6.954401205402
	1.79942864025672	2.33168605488146
			0	194.19604840382
			1	-115.0410223076
			2	17.772222031538
			3	-2.358842627859
			4	0.5651835411907
			5	-0.268349096117
			6	0.1050092888252
			7	5.1896274656625
X39734
	2.87654066934502	3.83965029864828
			0	11.533447528818
			1	-10.54692258396
			2	3.2007416475149
			3	-0.654552349062
			4	5.9746226000421
			5	7.8008195088147
	2.20498995258714	2.96426622236925
			0	64.117074730713
			1	-53.04921996737
			2	11.285064125915
			3	-1.424084429581
			4	7.2119246688348
			5	-8.172793238535
	1.79953373305771	2.34084203576262
			0	194.28241826577
			1	-115.0705777567
			2	17.626899850411
			3	-2.219091999343
			4	0.5438311587293
			5	-0.190251451802
			6	8.4168647765244
			7	-8.909460263223
X39735
	2.83760423162267	3.76320747023705
			0	11.551434162572
			1	-10.55792185072
			2	3.1840348604350
			3	-0.640949763587
			4	5.6210865718931
			5	7.9083546732840
	2.18536559653595	2.9228872583225
			0	64.105393475585
			1	-53.05578991886
			2	11.312657406587
			3	-1.468983779721
			4	0.1028872201595
			5	-5.769532563852
	1.7962216900357	2.31684078898886
			0	193.80012553352
			1	-114.7168904243
			2	17.905156768025
			3	-2.474436535808
			4	0.6337457457124
			5	-0.295999206544
			6	0.1314155902601
			7	-6.104065689435
X39737
	2.8458421799396	3.59028674642546
			0	12.740218139842
			1	-10.50114710791
			2	2.2243545234822
			3	-0.611303388266
			4	-0.146213775875
			5	-9.963170034265
	2.1860079004573	2.9314917331505
			0	64.149802751353
			1	-53.03557774876
			2	11.225998159710
			3	-1.436048912715
			4	9.9658783571001
			5	-2.032933978535
	1.78901103220874	2.31901767086809
			0	194.15566057127
			1	-115.0345628774
			2	17.890929091702
			3	-2.350634583685
			4	0.4537389700580
			5	-0.154291586923
			6	9.2801322345232
			7	1.7286666999150
X39740
	2.87498912398245	3.83516837836146
			0	11.537886870717
			1	-10.54089145477
			2	3.1948144410450
			3	-0.657114408664
			4	5.8782890635300
			5	7.7420808531620
	2.20451940413541	2.96284273797176
			0	64.066262870401
			1	-53.02088127067
			2	11.307224739465
			3	-1.460478143382
			4	0.1010574338989
			5	-1.479939835150
	1.8007166659773	2.33928365395928
			0	194.31374065849
			1	-115.0305675433
			2	17.644426965403
			3	-2.302184661384
			4	0.5513474693815
			5	-0.226597289245
			6	0.1133531765400
			7	-5.030197179367
X39743
	2.86584554627419	3.76989536886623
			0	11.780555115220
			1	-10.53085659380
			2	3.0280763822953
			3	-0.615681363876
			4	2.3134980066058
			5	-0.013862027476
	2.20031506704377	2.95232650071321
			0	64.163381100953
			1	-53.08265532411
			2	11.274248498374
			3	-1.453827680707
			4	9.7420712338861
			5	3.2898087386929
	1.79956315448535	2.33444150628667
			0	194.13228156740
			1	-114.8392550436
			2	17.735395927971
			3	-2.346418380528
			4	0.4875611681694
			5	-0.237607760129
			6	0.1110765602849
			7	-4.065466089799
X39744
	2.86595780024851	3.55219894044043
			0	13.088754616321
			1	-10.72919997413
			2	1.6148727478782
			3	-0.636611790076
			4	-9.378867492949
			5	5.7471141149046
	2.19943438277763	2.95282970265345
			0	64.103630484561
			1	-53.01990245103
			2	11.276497024736
			3	-1.455014620083
			4	9.4492617686378
			5	-0.010282241963
	1.79905851115807	2.33361940640144
			0	194.13237692589
			1	-114.9638081624
			2	17.791309172471
			3	-2.321853560528
			4	0.4851104894171
			5	-0.182737986113
			6	7.4841659964897
			7	-1.496581603475
X39746
	2.86634085741124	3.81111061952426
			0	11.585855224998
			1	-10.55383575879
			2	3.1638631992465
			3	-0.643264512361
			4	4.9747940655730
			5	4.0625477287535
	2.19770223941027	2.95344125020302
			0	64.126868311774
			1	-53.03405747357
			2	11.277824057214
			3	-1.465366579121
			4	0.1083876314487
			5	-1.843372244927
	1.79300277402545	2.33243062234447
			0	194.38351373096
			1	-115.0853199874
			2	17.574266319464
			3	-2.294229747099
			4	0.5190179690031
			5	-0.182650010758
			6	0.1726088069869
			7	-5.859809449216
X39748
	2.87698738428002	3.83298313319831
			0	11.578759517076
			1	-10.54584257197
			2	3.1649030978730
			3	-0.649528604786
			4	5.2742539634475
			5	4.3348247709690
	2.20345413333874	2.96473500490987
			0	64.101810808528
			1	-53.01541079484
			2	11.275469910807
			3	-1.441533049325
			4	8.9993373548821
			5	-1.631766782510
	1.79798246434447	2.33897323555657
			0	194.43265433144
			1	-115.2402309881
			2	17.719081409618
			3	-2.307571960699
			4	0.5986889799770
			5	-0.215282877002
			6	2.3077059376323
			7	-2.058115662940
X39750
	2.8546275315096	3.79216045089394
			0	11.563055085321
			1	-10.56493484213
			2	3.1766048454942
			3	-0.637061392994
			4	0.0545900979698
			5	7.6961958087141
	2.19022350333975	2.9409040691705
			0	64.172575834642
			1	-53.05804054557
			2	11.222175443787
			3	-1.409253037263
			4	7.6626271630781
			5	-1.113784178427
	1.78882031353449	2.32499107358738
			0	194.09978021076
			1	-114.9152919453
			2	17.686333699611
			3	-2.321915711150
			4	0.6372674313782
			5	-0.247849140579
			6	0.1184905823719
			7	-8.684013815302
X39791
	2.55186386877678	3.15026216791018
			0	12.666029763573
			1	-10.46579691073
			2	2.3051881632532
			3	-0.632138566179
			4	-0.135617917964
			5	-9.628572327899
	2.03298835815252	2.61912674704872
			0	64.224737560271
			1	-53.09848195926
			2	11.177106282359
			3	-1.377790059540
			4	6.6335385343030
			5	-6.833916759157
	1.71281589687807	2.13837186392489
			0	194.61387152031
			1	-115.0700555548
			2	17.309108842312
			3	-2.193838506401
			4	0.4908872478024
			5	-0.196437979159
			6	0.1528640891304
			7	-8.504850807582
X40219
	2.6497952199566	3.41191085834609
			0	11.593154317383
			1	-10.58287167422
			2	3.1512707807226
			3	-0.619689625535
			4	4.7219870163113
			5	1.0051830682187
	2.08590678906365	2.72074660995019
			0	64.570462551068
			1	-53.23033417284
			2	10.864394660049
			3	-1.253518208870
			4	4.6786638730632
			5	-3.307794340593
	1.73027826630199	2.20248417571279
			0	194.90889892669
			1	-115.2268866916
			2	17.064256761126
			3	-2.134651512945
			4	0.5374243587665
			5	-0.121509601408
			6	5.4024045769230
			7	-6.594593469420
X40220
	2.60051316016963	3.32942400133767
			0	11.613611727687
			1	-10.59509192168
			2	3.1354598225925
			3	-0.609026852656
			4	4.3854085790442
			5	1.0790986631092
	2.05571989808431	2.66879707157191
			0	64.599941464687
			1	-53.22253048900
			2	10.823093272542
			3	-1.246836848228
			4	0.0434715402360
			5	-4.477093351919
	1.71025812820835	2.16842443694471
			0	195.15780476707
			1	-115.4896975621
			2	17.066098834449
			3	-2.122282380512
			4	0.5365113835371
			5	-0.125554562423
			6	3.8795894576849
			7	-9.058849029236
X40221
	2.6291810246242	3.37636266380847
			0	11.596006840476
			1	-10.58724562681
			2	3.1518116216285
			3	-0.616900209948
			4	4.6288131712859
			5	1.1387032489517
	2.07587186727743	2.69921407004295
			0	64.568474713819
			1	-53.26020096344
			2	10.889584830179
			3	-1.264212400663
			4	5.5828183613325
			5	9.6273737115138
	1.72436657031595	2.19005915592636
			0	195.06793153527
			1	-115.2033229118
			2	16.877238743427
			3	-2.130352976021
			4	0.5323447472904
			5	-0.182674416981
			6	1.7722665238473
			7	0.0122001998195
X40222
	2.7628414198723	3.59696637585644
			0	11.544764457665
			1	-10.55787862478
			2	3.1967803086543
			3	-0.647971302792
			4	5.5354049307001
			5	8.7595932508366
	2.16243152912344	2.83924636395834
			0	64.468756088132
			1	-53.19203682027
			2	10.955726857312
			3	-1.283171999447
			4	5.2254046449877
			5	-8.863250776424
	1.78615087174587	2.28589684853439
			0	194.98402621840
			1	-115.3802405906
			2	17.077386161099
			3	-2.037707308668
			4	0.5255840253734
			5	-0.218040389458
			6	0.1076777642774
			7	-4.907516327383
X40223
	2.63060488260267	3.37425563532003
			0	11.594322345677
			1	-10.58307314453
			2	3.1508433905450
			3	-0.619611344834
			4	4.7083235455252
			5	1.0361522665950
	2.07875024832051	2.69981002895874
			0	64.590170151755
			1	-53.22756934912
			2	10.840140558656
			3	-1.249699812945
			4	5.1164167883950
			5	-6.635778686984
	1.72817263939174	2.19275481739449
			0	195.25635441760
			1	-115.5039493424
			2	16.968202058482
			3	-2.076223644231
			4	0.4857060670375
			5	-0.105968411526
			6	2.6352323947716
			7	0.0011302363785
X40227
	2.57989812097053	3.29764455759146
			0	11.621449326169
			1	-10.60178084392
			2	3.1336298843793
			3	-0.605711043390
			4	4.2749172345617
			5	9.8837580250926
	2.04174775337613	2.64734314818006
			0	64.622438990880
			1	-53.22839246885
			2	10.795633647282
			3	-1.237131178522
			4	5.2694366869716
			5	-1.717671511520
	1.70049499801638	2.15323801263169
			0	194.95632242277
			1	-115.2679924976
			2	16.988130850153
			3	-2.117600260717
			4	0.5629831090304
			5	-0.147740537778
			6	5.9162523172127
			7	-5.831683297331
X40232
	2.60104792745445	3.3268854629902
			0	11.608877141474
			1	-10.59466309882
			2	3.1428274245926
			3	-0.611571683834
			4	4.4323005421450
			5	9.7504791663653
	2.05929711792084	2.66901969172119
			0	64.593071051325
			1	-53.19971007922
			2	10.796045561112
			3	-1.245634629133
			4	6.1401661520980
			5	-2.279917851305
	1.71539273083171	2.17130953561414
			0	194.92527939760
			1	-115.2105566067
			2	16.963577923712
			3	-2.098323002068
			4	0.5515835761695
			5	-0.165073257938
			6	7.3790790396230
			7	-0.030829288194
X40237
	2.63856191283629	3.3916559370207
			0	11.593238022760
			1	-10.58651284366
			2	3.1583964389897
			3	-0.621697250496
			4	4.6894707399979
			5	1.0171313621140
	2.08131399621188	2.70869131085372
			0	64.600537034531
			1	-53.23058758936
			2	10.822421767934
			3	-1.236191098927
			4	0.0443525794741
			5	-1.358431738344
	1.72895066862964	2.19680406190133
			0	194.86375258915
			1	-115.2125212387
			2	16.983544853096
			3	-2.061614378402
			4	0.5324974798824
			5	-0.162181911744
			6	0.0856972399747
			7	-3.076041884050
