X09676
	2.6477105237027	3.60332844847201
			0	11.856692429481
			1	-10.31718731032
			2	3.0254465700928
			3	-0.669904637154
			4	0.1212571149160
			5	-2.135724744205
	2.05010896291787	2.71579449800351
			0	63.562587175083
			1	-52.03109615119
			2	12.266457532853
			3	-1.988758245517
			4	0.1915877944494
			5	5.1597898272379
	1.75050068084888	2.16190380063611
			0	184.3816888381
			1	-103.1699641433
			2	15.599642224464
			3	-2.121091302070
			4	0.6663335988110
			5	-0.454758856062
			6	0.3417992963178
			7	-0.444940887953
