X25758
	2.69126475049059	3.56867039644886
			0	11.428113144488
			1	-10.55386628514
			2	3.2303307933731
			3	-0.693831368127
			4	9.4615745796605
			5	-2.944820295555
	2.10861907041505	2.75209777011046
			0	63.337790594793
			1	-50.55132457330
			2	10.542622669026
			3	-1.428544651112
			4	0.1189122145029
			5	-1.274700204434
	1.76041464192427	2.20255699772629
			0	191.66454707389
			1	-107.8704735935
			2	15.996027187440
			3	-2.095160780556
			4	0.3301959314302
			5	-5.156281963250
			6	2.7347001749922
			7	8.9467276653034
