X25958
	2.72373132458872	3.57722638895234
			0	11.955232506010
			1	-10.42026123871
			2	2.9574785173107
			3	-0.586759548716
			4	8.5402195004107
			5	6.8355524526280
	2.111927429596	2.78814601218032
			0	63.283868471042
			1	-50.58060290478
			2	10.633069125854
			3	-1.452810226045
			4	0.0936254777513
			5	3.2647077873971
	1.74553422887884	2.21099456156241
			0	191.61504072938
			1	-107.8256612142
			2	16.017010255158
			3	-2.108230699154
			4	0.3578241503414
			5	-6.378664350674
			6	1.8256167020975
			7	-7.046278014315
