X25911
	2.71772106791025	3.62009424508746
			0	11.411387200911
			1	-10.54367277236
			2	3.2439439340693
			3	-0.703354816602
			4	9.7757750660191
			5	-3.640592120616
	2.12294216487968	2.77992090779221
			0	63.338322389552
			1	-50.56199163550
			2	10.546846666376
			3	-1.419469863590
			4	0.1138523343365
			5	-1.018820339240
	1.76520936040215	2.21894287872418
			0	191.85434281118
			1	-107.9582467209
			2	15.830914163668
			3	-2.010520825831
			4	0.3072336967244
			5	-4.625474832131
			6	0.0255488372401
			7	6.2531548269654
