X25965
	2.74404404931714	3.57635534992932
			0	11.944291453647
			1	-10.40951474547
			2	2.9711033586934
			3	-0.593862515054
			4	8.3795593192884
			5	4.1990048597885
	2.15032868707443	2.80658147679963
			0	63.289603692549
			1	-50.58573684257
			2	10.629018807253
			3	-1.442674193489
			4	8.9635615187657
			5	2.7548812625190
	1.79196552164023	2.24655675364903
			0	191.85001878184
			1	-107.9382472013
			2	15.805114126199
			3	-2.005891320650
			4	0.3274019506946
			5	-5.252836437487
			6	2.4344614680389
			7	-5.576895501035
