X25966
	2.72603976291778	3.57261293068688
			0	11.962748061906
			1	-10.42091736489
			2	2.9556088645343
			3	-0.583262550693
			4	8.0897764977567
			5	4.7860391464369
	2.11759202467707	2.79006361734826
			0	63.275969765751
			1	-50.57630939542
			2	10.635227771927
			3	-1.448421972407
			4	9.4489627575336
			5	2.7338129863868
	1.75364524969898	2.21612796256377
			0	191.5731248706
			1	-107.8167862515
			2	16.033035041267
			3	-2.115100097394
			4	0.3673929059878
			5	-6.228581951258
			6	2.6668491739888
			7	-6.149842301967
