X26383
	2.73361872756428	3.43810399015624
			0	12.721687952151
			1	-10.48482351778
			2	2.2626318753826
			3	-0.603881503492
			4	-0.139850482375
			5	-0.100871909002
	2.11515761096503	2.81414639066209
			0	64.113512485060
			1	-53.02316946719
			2	11.263421281429
			3	-1.447421603461
			4	9.7712126128203
			5	-1.953877291741
	1.74331397451475	2.23965680525708
			0	194.19042492997
			1	-115.0102284694
			2	17.783606945528
			3	-2.311576046288
			4	0.5001871487177
			5	-0.207880730220
			6	0.1448526699315
			7	-2.800075610825
