X26448
	2.73642436794785	3.37104498636247
			0	13.102035547279
			1	-10.72444569815
			2	1.6144622459889
			3	-0.630467182938
			4	-9.832386174541
			5	4.9911904197861
	2.11926644950169	2.8170116316582
			0	64.055901227107
			1	-52.98991758643
			2	11.314278400439
			3	-1.477531488404
			4	9.1860986010290
			5	-1.275780678072
	1.7511169062912	2.24320084137702
			0	194.14042200470
			1	-115.1421002415
			2	17.967242296200
			3	-2.306816147424
			4	0.4413963494980
			5	-0.167024431962
			6	0.1107642646935
			7	-0.018978780885
