X26527
	2.73271082379248	3.62729750207114
			0	11.491067478249
			1	-10.58189024320
			2	3.1793440541516
			3	-0.671948890735
			4	8.6917686631869
			5	-1.002128025794
	2.12400116926235	2.79612584876479
			0	63.449778581824
			1	-50.60684049010
			2	10.428338756399
			3	-1.384152460273
			4	0.1171059401109
			5	-9.679536966927
	1.75810376181708	2.2229203856406
			0	191.57777113121
			1	-107.8191375412
			2	16.061485988947
			3	-2.141056408633
			4	0.3497774429303
			5	-5.756562245698
			6	2.9355669056303
			7	7.7742233820633
