X36906
	2.84930890957189	3.79765485572023
			0	11.573763727788
			1	-10.54851068100
			2	3.1721741619943
			3	-0.649341030138
			4	5.1509010813599
			5	4.7639283936950
	2.17951123214114	2.93643556243574
			0	64.151800635400
			1	-53.05539775635
			2	11.265689384364
			3	-1.450940356660
			4	9.9086923374373
			5	-1.252616360658
	1.77450674691464	2.31459253968523
			0	194.21795232694
			1	-114.9089179852
			2	17.668106409364
			3	-2.357599989555
			4	0.5173994274530
			5	-0.193594434310
			6	0.1465675059590
			7	-7.738221833467
