X37182
	2.72479450073952	3.57989937552032
			0	11.626715105947
			1	-10.57279060513
			2	3.1252813416413
			3	-0.623600712810
			4	0.0454766296498
			5	5.0892099641908
	2.10829289561792	2.80455951979788
			0	64.1652135377
			1	-53.03209722898
			2	11.215345556146
			3	-1.423478228611
			4	8.2368646346044
			5	-1.261896470783
	1.73797176449732	2.23269174365163
			0	194.10306835865
			1	-114.9131398438
			2	17.767125627313
			3	-2.356696696266
			4	0.6353064650222
			5	-0.260450061180
			6	4.7759114372817
			7	-3.858746296646
