X37786
	2.6419027696446	3.47293862322844
			0	11.533910134418
			1	-10.53372919689
			2	3.1881367355319
			3	-0.660271271759
			4	6.7384900665210
			5	3.4231846520319
	2.07547637367924	2.71721634468791
			0	63.818061908987
			1	-52.91948678030
			2	11.575857852490
			3	-1.573410426611
			4	9.9829618637818
			5	2.9469103171355
	1.74331609206167	2.18768335340585
			0	192.82175585787
			1	-112.9556855561
			2	16.944977354806
			3	-2.109295794118
			4	0.5600834261751
			5	-0.262839953186
			6	0.1667017472510
			7	-0.163846909101
