X37785
	2.71774885197729	3.35409384776069
			0	13.069996751977
			1	-10.71803999247
			2	1.6238215889744
			3	-0.650290265896
			4	-8.702985505645
			5	5.9711817360920
	2.12115996478833	2.79758027261693
			0	63.757418644772
			1	-52.87900368301
			2	11.601912555774
			3	-1.593888755043
			4	0.1125579237622
			5	-9.665869632310
	1.77018231401029	2.23910078463189
			0	194.19389474360
			1	-115.1104996791
			2	17.837903610438
			3	-2.262543765894
			4	0.4675879578933
			5	-0.209445043575
			6	0.1309642814361
			7	-4.188831502992
