X38886
	2.85556159573403	3.79990264377598
			0	11.542437780012
			1	-10.55233670925
			2	3.1933037597772
			3	-0.648430955957
			4	6.1452324535689
			5	5.5543346153555
	2.19111675299147	2.94184634625277
			0	64.156910184803
			1	-53.05892698691
			2	11.278481217377
			3	-1.471317908598
			4	9.9538966419885
			5	4.8807260737462
	1.79278048916226	2.32500348507878
			0	194.11362286264
			1	-114.9211878341
			2	17.806556185324
			3	-2.341874713069
			4	0.4901317536754
			5	-0.225526608877
			6	5.9352862798895
			7	-4.720877751206
