X38888
	2.8121360426717	3.71475784019077
			0	11.565123679592
			1	-10.56611138673
			2	3.1701769867363
			3	-0.631645981713
			4	0.0564849905528
			5	5.8262798983555
	2.16514445362845	2.89558648060079
			0	64.191768118769
			1	-53.02439160392
			2	11.143613337238
			3	-1.435948380596
			4	0.1254729666760
			5	-2.509937057603
	1.77921519805496	2.27481108643821
			0	196.23009131297
			1	-110.9186916601
			2	16.335680650895
			3	-2.083714082716
			4	0.4756233239099
			5	-8.187664388728
			6	1.2652609992371
			7	-2.490238623871
