X38882
	2.58420315647294	3.3342189032421
			0	11.743201092452
			1	-10.63420836107
			2	3.0204359540218
			3	-0.560053466961
			4	3.1454078915082
			5	3.0288574418368
	2.0197077332513	2.65673116813735
			0	64.202877212705
			1	-53.02930843626
			2	11.170611920742
			3	-1.420152471451
			4	8.4333906636197
			5	-1.619706240199
	1.68105761866765	2.13380824708021
			0	193.84976515216
			1	-114.7399078593
			2	17.946701283131
			3	-2.541622273558
			4	0.6775891024165
			5	-0.212175321415
			6	2.7430127848576
			7	-3.440265743938
