X38889
	2.82372903831502	3.73101559460215
			0	11.608447965512
			1	-10.56268541507
			2	3.1402194724386
			3	-0.631793587193
			4	4.7037968208703
			5	5.1621241360518
	2.17317924386082	2.90788701815263
			0	64.193783671585
			1	-53.05872223912
			2	11.192869760803
			3	-1.399147018773
			4	0.0778181240946
			5	-0.013335762342
	1.77836458133507	2.30480437306436
			0	194.38954373297
			1	-115.0726155159
			2	17.559116967065
			3	-2.277587255068
			4	0.6369468875903
			5	-0.263077685552
			6	0.0445805970105
			7	-1.907094391740
