X38908
	2.72723055216188	3.61115341066076
			0	11.521921846823
			1	-10.53319357370
			2	3.2011224950226
			3	-0.661766597239
			4	6.8483990074628
			5	3.9555741730955
	2.11983984698919	2.80751756123237
			0	63.884458324553
			1	-52.90163574530
			2	11.422496512695
			3	-1.544934171331
			4	0.1381964589468
			5	-2.528280154881
	1.76330749756899	2.22111349240123
			0	196.25869949600
			1	-110.9347536299
			2	16.263702556682
			3	-2.008608727387
			4	0.4522731069064
			5	-5.910300173038
			6	-1.996940903799
			7	-2.570536965891
