X38920
	2.63186189067093	3.44587154985997
			0	11.555502607838
			1	-10.55207730712
			2	3.1760379363166
			3	-0.646717196913
			4	6.0503441548533
			5	6.5120552166511
	2.06211092355142	2.70632379500022
			0	64.063234411417
			1	-53.01539239128
			2	11.326733014677
			3	-1.450261241771
			4	7.5465902940703
			5	-7.024979950382
	1.71641781350881	2.17689104271665
			0	194.57240909360
			1	-115.2488924162
			2	17.489244462409
			3	-2.232168872852
			4	0.5612063827632
			5	-0.148725200791
			6	0.0709874950319
			7	-1.319764287618
