X39161
	2.72826553415839	3.46687652255863
			0	12.216992548114
			1	-10.56687912015
			2	2.6003954728594
			3	-0.616317209055
			4	-3.517245610514
			5	-1.463500176044
	2.13981979171567	2.80526010802188
			0	64.083113233771
			1	-53.02551702448
			2	11.291916575009
			3	-1.445147765852
			4	8.6723813997024
			5	-9.174693571012
	1.78382099832629	2.25835051540372
			0	194.36444745012
			1	-115.0940749261
			2	17.636164002626
			3	-2.251788679725
			4	0.4509078934862
			5	-0.179513388219
			6	0.1169107706708
			7	-6.682915185906
