X39699
	2.68169565159537	3.31497083498282
			0	13.155173244677
			1	-10.75680830153
			2	1.5330874645015
			3	-0.626607341456
			4	-9.589616547471
			5	0.0637518652783
	2.05975303483229	2.76345715021716
			0	63.975757970793
			1	-52.96157337291
			2	11.390765145830
			3	-1.505446769266
			4	9.8490819107490
			5	-1.437927657365
	1.69034451246772	2.1840435651953
			0	193.98627513600
			1	-114.9523020547
			2	18.015201654769
			3	-2.409743123494
			4	0.4682839029937
			5	-0.170352304755
			6	8.0791560276405
			7	1.5509566713763
