X39748
	2.87698738428002	3.83298313319831
			0	11.578759517076
			1	-10.54584257197
			2	3.1649030978730
			3	-0.649528604786
			4	5.2742539634475
			5	4.3348247709690
	2.20345413333874	2.96473500490987
			0	64.101810808528
			1	-53.01541079484
			2	11.275469910807
			3	-1.441533049325
			4	8.9993373548821
			5	-1.631766782510
	1.79798246434447	2.33897323555657
			0	194.43265433144
			1	-115.2402309881
			2	17.719081409618
			3	-2.307571960699
			4	0.5986889799770
			5	-0.215282877002
			6	2.3077059376323
			7	-2.058115662940
