X39735
	2.83760423162267	3.76320747023705
			0	11.551434162572
			1	-10.55792185072
			2	3.1840348604350
			3	-0.640949763587
			4	5.6210865718931
			5	7.9083546732840
	2.18536559653595	2.9228872583225
			0	64.105393475585
			1	-53.05578991886
			2	11.312657406587
			3	-1.468983779721
			4	0.1028872201595
			5	-5.769532563852
	1.7962216900357	2.31684078898886
			0	193.80012553352
			1	-114.7168904243
			2	17.905156768025
			3	-2.474436535808
			4	0.6337457457124
			5	-0.295999206544
			6	0.1314155902601
			7	-6.104065689435
