X39734
	2.87654066934502	3.83965029864828
			0	11.533447528818
			1	-10.54692258396
			2	3.2007416475149
			3	-0.654552349062
			4	5.9746226000421
			5	7.8008195088147
	2.20498995258714	2.96426622236925
			0	64.117074730713
			1	-53.04921996737
			2	11.285064125915
			3	-1.424084429581
			4	7.2119246688348
			5	-8.172793238535
	1.79953373305771	2.34084203576262
			0	194.28241826577
			1	-115.0705777567
			2	17.626899850411
			3	-2.219091999343
			4	0.5438311587293
			5	-0.190251451802
			6	8.4168647765244
			7	-8.909460263223
