X39743
	2.86584554627419	3.76989536886623
			0	11.780555115220
			1	-10.53085659380
			2	3.0280763822953
			3	-0.615681363876
			4	2.3134980066058
			5	-0.013862027476
	2.20031506704377	2.95232650071321
			0	64.163381100953
			1	-53.08265532411
			2	11.274248498374
			3	-1.453827680707
			4	9.7420712338861
			5	3.2898087386929
	1.79956315448535	2.33444150628667
			0	194.13228156740
			1	-114.8392550436
			2	17.735395927971
			3	-2.346418380528
			4	0.4875611681694
			5	-0.237607760129
			6	0.1110765602849
			7	-4.065466089799
