X39750
	2.8546275315096	3.79216045089394
			0	11.563055085321
			1	-10.56493484213
			2	3.1766048454942
			3	-0.637061392994
			4	0.0545900979698
			5	7.6961958087141
	2.19022350333975	2.9409040691705
			0	64.172575834642
			1	-53.05804054557
			2	11.222175443787
			3	-1.409253037263
			4	7.6626271630781
			5	-1.113784178427
	1.78882031353449	2.32499107358738
			0	194.09978021076
			1	-114.9152919453
			2	17.686333699611
			3	-2.321915711150
			4	0.6372674313782
			5	-0.247849140579
			6	0.1184905823719
			7	-8.684013815302
