X39712
	2.8630510197508	3.81289329244247
			0	11.546732064583
			1	-10.55625277036
			2	3.1913704788799
			3	-0.646683501317
			4	6.0270246426684
			5	6.4923036093459
	2.19427329012372	2.94999680917161
			0	64.154244916128
			1	-53.05339432831
			2	11.272549707103
			3	-1.468758311232
			4	0.1027801972388
			5	-8.021409721563
	1.79161753545899	2.32912657926092
			0	194.24756062051
			1	-115.0472629203
			2	17.745588366598
			3	-2.308685967960
			4	0.4889120162882
			5	-0.219636427264
			6	7.4326813399215
			7	-3.127462885979
