X40219
	2.6497952199566	3.41191085834609
			0	11.593154317383
			1	-10.58287167422
			2	3.1512707807226
			3	-0.619689625535
			4	4.7219870163113
			5	1.0051830682187
	2.08590678906365	2.72074660995019
			0	64.570462551068
			1	-53.23033417284
			2	10.864394660049
			3	-1.253518208870
			4	4.6786638730632
			5	-3.307794340593
	1.73027826630199	2.20248417571279
			0	194.90889892669
			1	-115.2268866916
			2	17.064256761126
			3	-2.134651512945
			4	0.5374243587665
			5	-0.121509601408
			6	5.4024045769230
			7	-6.594593469420
